C Tsn.197-213 05-07.12.2013, natYb+48Ca, FRONT strips
     Eexp     Ecal   Differ   Channel
     1   A= 2.55354   B= -114.07
   6040.0   6039.6      0.4  2409.864
   6143.8   6138.0      5.8  2448.404
   6264.0   6264.4     -0.4  2497.878
   6899.2   6901.2     -2.0  2747.260
   7137.0   7143.0     -6.0  2841.984
   7922.0   7920.2      1.8  3146.325
   8699.0   8704.9     -5.9  3453.631
   9265.0   9258.7      6.3  3670.514
     2   A= 2.63078   B= -117.13
   6040.0   6034.4      5.6  2338.294
   6143.8   6143.6      0.2  2379.789
   6264.0   6263.4      0.6  2425.355
   6899.2   6906.1     -6.9  2669.644
   7137.0   7142.3     -5.3  2759.443
   7922.0   7916.8      5.2  3053.810
   8699.0   8698.9      0.1  3351.130
   9265.0   9264.5      0.5  3566.089
     3   A= 2.64226   B=  -98.48
   6040.0   6039.3      0.7  2322.925
   6143.8   6138.9      4.9  2360.629
   6264.0   6261.9      2.1  2407.174
   6899.2   6907.0     -7.8  2651.308
   7137.0   7139.2     -2.2  2739.219
   7922.0   7922.5     -0.5  3035.665
   8699.0   8699.3     -0.3  3329.646
   9265.0   9261.9      3.1  3542.564
     4   A= 2.67407   B= -117.28
   6040.0   6042.6     -2.6  2303.561
   6143.8   6138.2      5.6  2339.302
   6264.0   6262.8      1.2  2385.903
   6899.2   6901.0     -1.8  2624.588
   7137.0   7139.4     -2.4  2713.721
   7922.0   7924.6     -2.6  3007.372
   8699.0   8698.7      0.3  3296.850
   9265.0   9262.6      2.4  3507.728
     5   A= 2.62557   B= -138.41
   6040.0   6037.3      2.7  2352.148
   6143.8   6142.0      1.8  2392.018
   6264.0   6263.3      0.7  2438.236
   6899.2   6905.6     -6.4  2682.845
   7137.0   7139.2     -2.2  2771.819
   7922.0   7919.5      2.5  3069.020
   8699.0   8698.9      0.1  3365.852
   9265.0   9264.2      0.8  3581.176
     6   A= 2.73914   B= -111.32
   6040.0   6035.8      4.2  2244.181
   6143.8   6142.6      1.2  2283.154
   6264.0   6266.9     -2.9  2328.535
   6899.2   6902.6     -3.4  2560.614
   7137.0   7139.9     -2.9  2647.259
   7922.0   7916.8      5.2  2930.893
   8699.0   8702.0     -3.0  3217.565
   9265.0   9263.5      1.5  3422.522
     7   A= 2.69206   B= -114.52
   6040.0   6038.5      1.5  2285.630
   6143.8   6142.6      1.2  2324.286
   6264.0   6263.3      0.7  2369.113
   6899.2   6902.5     -3.3  2606.578
   7137.0   7139.4     -2.4  2694.580
   7922.0   7919.6      2.4  2984.385
   8699.0   8700.5     -1.5  3274.455
   9265.0   9263.5      1.5  3483.593
     8   A= 2.69991   B= -138.87
   6040.0   6037.2      2.8  2287.512
   6143.8   6143.8      0.0  2326.978
   6264.0   6261.3      2.7  2370.517
   6899.2   6904.2     -5.0  2608.642
   7137.0   7138.4     -1.4  2695.376
   7922.0   7922.7     -0.7  2985.872
   8699.0   8701.5     -2.5  3274.308
   9265.0   9260.9      4.1  3481.511
     9   A= 2.58143   B= -115.90
   6040.0   6039.0      1.0  2384.295
   6143.8   6136.7      7.1  2422.121
   6264.0   6266.3     -2.3  2472.364
   6899.2   6906.0     -6.8  2720.168
   7137.0   7140.2     -3.2  2810.888
   7922.0   7917.2      4.8  3111.891
   8699.0   8702.5     -3.5  3416.073
   9265.0   9262.0      3.0  3632.827
    10   A= 2.66018   B= -109.51
   6040.0   6039.9      0.1  2311.654
   6143.8   6135.6      8.2  2347.635
   6264.0   6265.5     -1.5  2396.444
   6899.2   6904.5     -5.3  2636.659
   7137.0   7142.7     -5.7  2726.212
   7922.0   7919.2      2.8  3018.104
   8699.0   8700.6     -1.6  3311.835
   9265.0   9262.1      2.9  3522.943
    11   A= 2.60035   B= -136.30
   6040.0   6037.9      2.1  2374.360
   6143.8   6139.7      4.1  2413.517
   6264.0   6265.3     -1.3  2461.816
   6899.2   6903.6     -4.4  2707.296
   7137.0   7141.2     -4.2  2798.670
   7922.0   7918.1      3.9  3097.418
   8699.0   8702.0     -3.0  3398.875
   9265.0   9262.2      2.8  3614.330
    12   A= 2.72658   B= -110.68
   6040.0   6039.1      0.9  2255.507
   6143.8   6141.2      2.6  2292.941
   6264.0   6265.0     -1.0  2338.356
   6899.2   6903.5     -4.3  2572.515
   7137.0   7135.9      1.1  2657.740
   7922.0   7920.5      1.5  2945.524
   8699.0   8702.6     -3.6  3232.367
   9265.0   9262.1      2.9  3437.560
    13   A= 2.63208   B= -121.17
   6040.0   6037.6      2.4  2339.873
   6143.8   6141.9      1.9  2379.510
   6264.0   6265.4     -1.4  2426.417
   6899.2   6902.4     -3.2  2668.443
   7137.0   7138.8     -1.8  2758.264
   7922.0   7919.5      2.5  3054.869
   8699.0   8701.9     -2.9  3352.137
   9265.0   9262.5      2.5  3565.118
    14   A= 2.63850   B= -141.93
   6040.0   6038.5      1.5  2342.421
   6143.8   6143.2      0.6  2382.072
   6264.0   6263.0      1.0  2427.493
   6899.2   6902.1     -2.9  2669.719
   7137.0   7139.4     -2.4  2759.651
   7922.0   7919.2      2.8  3055.188
   8699.0   8701.5     -2.5  3351.673
   9265.0   9263.1      1.9  3564.535
    15   A= 2.68174   B= -103.60
   6040.0   6040.6     -0.6  2291.120
   6143.8   6140.4      3.4  2328.325
   6264.0   6263.3      0.7  2374.155
   6899.2   6903.2     -4.0  2612.775
   7137.0   7138.2     -1.2  2700.405
   7922.0   7920.5      1.5  2992.121
   8699.0   8701.4     -2.4  3283.311
   9265.0   9262.6      2.4  3492.600
    16   A= 2.66365   B= -115.44
   6040.0   6039.8      0.2  2310.817
   6143.8   6139.1      4.7  2348.115
   6264.0   6264.1     -0.1  2395.037
   6899.2   6902.5     -3.3  2634.706
   7137.0   7142.0     -5.0  2724.614
   7922.0   7918.6      3.4  3016.183
   8699.0   8701.3     -2.3  3310.029
   9265.0   9262.6      2.4  3520.753
    17   A= 2.63852   B= -124.27
   6040.0   6037.8      2.2  2335.427
   6143.8   6141.3      2.5  2374.665
   6264.0   6262.4      1.6  2420.548
   6899.2   6904.7     -5.5  2663.986
   7137.0   7142.8     -5.8  2754.228
   7922.0   7916.8      5.2  3047.571
   8699.0   8701.6     -2.6  3345.032
   9265.0   9262.6      2.4  3557.624
    18   A= 2.64204   B= -131.83
   6040.0   6038.6      1.4  2335.479
   6143.8   6142.2      1.6  2374.697
   6264.0   6263.9      0.1  2420.774
   6899.2   6901.5     -2.3  2662.074
   7137.0   7138.9     -1.9  2751.960
   7922.0   7921.0      1.0  3047.948
   8699.0   8701.9     -2.9  3343.515
   9265.0   9262.0      3.0  3555.537
    19   A= 2.74179   B= -110.49
   6040.0   6039.4      0.6  2243.018
   6143.8   6138.6      5.2  2279.211
   6264.0   6266.3     -2.3  2325.775
   6899.2   6904.0     -4.8  2558.356
   7137.0   7139.4     -2.4  2644.204
   7922.0   7917.1      4.9  2927.878
   8699.0   8701.8     -2.8  3214.060
   9265.0   9263.5      1.5  3418.916
    20   A= 2.69286   B= -113.71
   6040.0   6040.6     -0.6  2285.407
   6143.8   6138.4      5.4  2321.759
   6264.0   6264.0      0.0  2368.367
   6899.2   6903.7     -4.5  2605.952
   7137.0   7140.1     -3.1  2693.727
   7922.0   7919.0      3.0  2982.983
   8699.0   8702.1     -3.1  3273.771
   9265.0   9262.1      2.9  3481.727
    21   A= 2.67653   B= -130.34
   6040.0   6039.3      0.7  2305.084
   6143.8   6140.2      3.6  2342.794
   6264.0   6263.6      0.4  2388.895
   6899.2   6903.1     -3.9  2627.815
   7137.0   7139.6     -2.6  2716.178
   7922.0   7921.4      0.6  3008.267
   8699.0   8700.8     -1.8  3299.484
   9265.0   9262.1      2.9  3509.191
    22   A= 2.79763   B= -105.84
   6040.0   6040.0      0.0  2196.796
   6143.8   6142.0      1.8  2233.271
   6264.0   6262.8      1.2  2276.452
   6899.2   6901.6     -2.4  2504.789
   7137.0   7140.4     -3.4  2590.139
   7922.0   7917.7      4.3  2867.975
   8699.0   8702.4     -3.4  3148.450
   9265.0   9263.1      1.9  3348.867
    23   A= 2.67722   B= -114.51
   6040.0   6037.6      2.4  2297.929
   6143.8   6140.7      3.1  2336.437
   6264.0   6265.2     -1.2  2382.966
   6899.2   6901.7     -2.5  2620.687
   7137.0   7139.8     -2.8  2709.649
   7922.0   7922.6     -0.6  3002.023
   8699.0   8701.7     -2.7  3293.028
   9265.0   9260.9      4.1  3501.899
    24   A= 2.65445   B= -139.38
   6040.0   6039.0      1.0  2327.563
   6143.8   6141.4      2.4  2366.142
   6264.0   6263.3      0.7  2412.041
   6899.2   6902.7     -3.5  2652.942
   7137.0   7138.1     -1.1  2741.626
   7922.0   7922.0      0.0  3036.945
   8699.0   8702.6     -3.6  3331.010
   9265.0   9260.8      4.2  3541.284
    25   A= 2.68030   B= -114.82
   6040.0   6042.4     -2.4  2297.229
   6143.8   6136.9      6.9  2332.482
   6264.0   6264.7     -0.7  2380.141
   6899.2   6904.1     -4.9  2618.716
   7137.0   7138.0     -1.0  2705.964
   7922.0   7919.4      2.6  2997.513
   8699.0   8701.4     -2.4  3289.279
   9265.0   9263.0      2.0  3498.796
    26   A= 2.67696   B= -113.83
   6040.0   6039.7      0.3  2298.711
   6143.8   6141.0      2.8  2336.540
   6264.0   6263.5      0.5  2382.316
   6899.2   6902.9     -3.7  2621.173
   7137.0   7138.6     -1.6  2709.188
   7922.0   7919.9      2.1  3001.053
   8699.0   8702.1     -3.1  3293.268
   9265.0   9262.3      2.7  3502.510
    27   A= 2.65690   B= -136.28
   6040.0   6036.8      3.2  2323.413
   6143.8   6142.3      1.5  2363.114
   6264.0   6263.0      1.0  2408.570
   6899.2   6905.1     -5.9  2650.239
   7137.0   7139.1     -2.1  2738.288
   7922.0   7920.1      1.9  3032.256
   8699.0   8702.7     -3.7  3326.811
   9265.0   9260.8      4.2  3536.870
    28   A= 2.64332   B= -113.90
   6040.0   6038.7      1.3  2327.624
   6143.8   6138.6      5.2  2365.390
   6264.0   6263.8      0.2  2412.774
   6899.2   6906.0     -6.8  2655.703
   7137.0   7140.8     -3.8  2744.546
   7922.0   7918.4      3.6  3038.713
   8699.0   8702.2     -3.2  3335.228
   9265.0   9261.6      3.4  3546.855
    29   A= 2.71461   B= -116.26
   6040.0   6039.9      0.1  2267.777
   6143.8   6140.6      3.2  2304.864
   6264.0   6263.6      0.4  2350.206
   6899.2   6902.7     -3.5  2585.617
   7137.0   7139.2     -2.2  2672.732
   7922.0   7920.2      1.8  2960.432
   8699.0   8701.2     -2.2  3248.159
   9265.0   9262.7      2.3  3454.983
    30   A= 2.66457   B= -128.94
   6040.0   6036.9      3.1  2314.014
   6143.8   6139.3      4.5  2352.460
   6264.0   6264.4     -0.4  2399.413
   6899.2   6903.9     -4.7  2639.395
   7137.0   7143.5     -6.5  2729.333
   7922.0   7920.0      2.0  3020.721
   8699.0   8699.7     -0.7  3313.348
   9265.0   9262.2      2.8  3524.465
    31   A= 2.64507   B= -119.51
   6040.0   6037.8      2.2  2327.846
   6143.8   6142.9      0.9  2367.568
   6264.0   6262.6      1.4  2412.810
   6899.2   6904.4     -5.2  2655.469
   7137.0   7139.4     -2.4  2744.327
   7922.0   7918.4      3.6  3038.825
   8699.0   8701.9     -2.9  3335.042
   9265.0   9262.6      2.4  3547.005
    32   A= 2.94170   B= -119.45
   6040.0   6038.0      2.0  2093.163
   6143.8   6140.0      3.8  2127.820
   6264.0   6265.6     -1.6  2170.529
   6899.2   6901.4     -2.2  2386.672
   7137.0   7141.4     -4.4  2468.229
   7922.0   7919.6      2.4  2732.787
   8699.0   8703.0     -4.0  2999.078
   9265.0   9261.0      4.0  3188.794
    33   A= 2.80472   B= -122.11
   6040.0   6039.7      0.3  2196.948
   6143.8   6137.9      5.9  2231.956
   6264.0   6265.7     -1.7  2277.536
   6899.2   6902.5     -3.3  2504.582
   7137.0   7140.5     -3.5  2589.419
   7922.0   7920.0      2.0  2867.360
   8699.0   8701.7     -2.7  3146.058
   9265.0   9261.9      3.1  3345.790
    34   A= 2.61732   B= -135.27
   6040.0   6038.4      1.6  2358.787
   6143.8   6140.5      3.3  2397.790
   6264.0   6265.0     -1.0  2445.339
   6899.2   6903.6     -4.4  2689.335
   7137.0   7138.7     -1.7  2779.153
   7922.0   7919.8      2.2  3077.597
   8699.0   8701.8     -2.8  3376.381
   9265.0   9262.3      2.7  3590.525
    35   A= 2.73200   B= -106.37
   6040.0   6039.0      1.0  2249.390
   6143.8   6140.3      3.5  2286.493
   6264.0   6265.0     -1.0  2332.134
   6899.2   6900.8     -1.6  2564.857
   7137.0   7141.6     -4.6  2652.979
   7922.0   7919.8      2.2  2937.847
   8699.0   8699.8     -0.8  3223.333
   9265.0   9263.7      1.3  3429.730
    36   A= 2.80936   B= -126.25
   6040.0   6037.6      2.4  2194.029
   6143.8   6139.2      4.6  2230.197
   6264.0   6264.1     -0.1  2274.654
   6899.2   6905.0     -5.8  2502.800
   7137.0   7141.3     -4.3  2586.900
   7922.0   7920.4      1.6  2864.242
   8699.0   8701.5     -2.5  3142.269
   9265.0   9261.0      4.0  3341.403
    37   A= 2.67720   B= -142.36
   6040.0   6037.0      3.0  2308.156
   6143.8   6140.8      3.0  2346.908
   6264.0   6264.5     -0.5  2393.119
   6899.2   6904.4     -5.2  2632.136
   7137.0   7141.7     -4.7  2720.792
   7922.0   7916.7      5.3  3010.255
   8699.0   8703.4     -4.4  3304.126
   9265.0   9261.5      3.5  3512.571
    38   A= 2.61657   B= -108.78
   6040.0   6039.5      0.5  2349.753
   6143.8   6139.2      4.6  2387.844
   6264.0   6263.4      0.6  2435.304
   6899.2   6904.6     -5.4  2680.365
   7137.0   7140.3     -3.3  2770.458
   7922.0   7919.5      2.5  3068.246
   8699.0   8701.7     -2.7  3367.178
   9265.0   9261.8      3.2  3581.263
    39   A= 2.61521   B= -111.48
   6040.0   6038.7      1.3  2351.705
   6143.8   6139.5      4.3  2390.247
   6264.0   6265.2     -1.2  2438.302
   6899.2   6903.6     -4.4  2682.402
   7137.0   7139.7     -2.7  2772.678
   7922.0   7919.4      2.6  3070.840
   8699.0   8701.6     -2.6  3369.927
   9265.0   9262.3      2.7  3584.349
    40   A= 2.64857   B= -125.02
   6040.0   6038.5      1.5  2327.097
   6143.8   6141.6      2.2  2366.046
   6264.0   6264.2     -0.2  2412.319
   6899.2   6901.7     -2.5  2653.042
   7137.0   7139.7     -2.7  2742.901
   7922.0   7919.5      2.5  3037.291
   8699.0   8704.1     -5.1  3333.531
   9265.0   9260.7      4.3  3543.705
    41   A= 2.63760   B= -102.88
   6040.0   6040.2     -0.2  2329.034
   6143.8   6139.3      4.5  2366.612
   6264.0   6262.4      1.6  2413.282
   6899.2   6905.5     -6.3  2657.118
   7137.0   7139.3     -2.3  2745.728
   7922.0   7919.4      2.6  3041.489
   8699.0   8702.7     -3.7  3338.489
   9265.0   9261.2      3.8  3550.240
    42   A= 2.69469   B= -144.35
   6040.0   6038.4      1.6  2294.435
   6143.8   6143.6      0.2  2333.457
   6264.0   6262.7      1.3  2377.675
   6899.2   6903.0     -3.8  2615.262
   7137.0   7139.1     -2.1  2702.879
   7922.0   7918.0      4.0  2991.933
   8699.0   8701.7     -2.7  3282.773
   9265.0   9263.5      1.5  3491.246
    43   A= 2.69556   B= -161.64
   6040.0   6036.7      3.3  2299.479
   6143.8   6140.8      3.0  2338.081
   6264.0   6265.0     -1.0  2384.167
   6899.2   6905.5     -6.3  2621.788
   7137.0   7139.0     -2.0  2708.382
   7922.0   7918.7      3.3  2997.655
   8699.0   8703.1     -4.1  3288.635
   9265.0   9261.2      3.8  3495.702
    44   A= 2.65470   B= -129.75
   6040.0   6037.2      2.8  2323.054
   6143.8   6141.0      2.8  2362.127
   6264.0   6263.7      0.3  2408.370
   6899.2   6904.5     -5.3  2649.758
   7137.0   7139.1     -2.1  2738.124
   7922.0   7922.4     -0.4  3033.176
   8699.0   8700.4     -1.4  3326.238
   9265.0   9261.5      3.5  3537.619
    45   A= 2.60412   B= -133.88
   6040.0   6039.9      0.1  2370.755
   6143.8   6138.6      5.2  2408.679
   6264.0   6265.4     -1.4  2457.366
   6899.2   6903.5     -4.3  2702.398
   7137.0   7138.7     -1.7  2792.733
   7922.0   7920.7      1.3  3093.014
   8699.0   8699.7     -0.7  3392.136
   9265.0   9263.5      1.5  3608.667
    46   A= 3.08579   B= -138.22
   6040.0   6036.8      3.2  2001.111
   6143.8   6141.0      2.8  2034.895
   6264.0   6262.1      1.9  2074.114
   6899.2   6905.2     -6.0  2282.544
   7137.0   7141.0     -4.0  2358.964
   7922.0   7922.5     -0.5  2612.193
   8699.0   8701.7     -2.7  2864.707
   9265.0   9259.8      5.2  3045.568
    47   A= 2.70700   B= -136.17
   6040.0   6036.6      3.4  2280.307
   6143.8   6139.3      4.5  2318.244
   6264.0   6265.2     -1.2  2364.753
   6899.2   6903.9     -4.7  2600.702
   7137.0   7143.7     -6.7  2689.273
   7922.0   7917.9      4.1  2975.286
   8699.0   8701.3     -2.3  3264.684
   9265.0   9261.9      3.1  3471.770

C Tsn.197-213 05-07.12.2013, natYb+48Ca, FRONT strips
              DATA EAF1/ 2.55354, 2.63078, 2.64226, 2.67407,
     2 2.62557, 2.73914, 2.69206, 2.69991, 2.58143, 2.66018, 2.60035,
     2 2.72658, 2.63208, 2.63850, 2.68174, 2.66365, 2.63852, 2.64204,
     2 2.74179, 2.69286, 2.67653, 2.79763, 2.67722, 2.65445, 2.68030,
     2 2.67696, 2.65690, 2.64332, 2.71461, 2.66457, 2.64507, 2.94170,
     2 2.80472, 2.61732, 2.73200, 2.80936,
     2 2.67720, 2.61657, 2.61521, 2.64857, 2.63760, 2.69469, 2.69556,
     2 2.65470, 2.60412, 3.08579, 2.70700, 1.0/
              DATA EAF0/ -114.07, -117.13,  -98.48, -117.28,
     2 -138.41, -111.32, -114.52, -138.87, -115.90, -109.51, -136.30,
     2 -110.68, -121.17, -141.93, -103.60, -115.44, -124.27, -131.83,
     2 -110.49, -113.71, -130.34, -105.84, -114.51, -139.38, -114.82,
     2 -113.83, -136.28, -113.90, -116.26, -128.94, -119.51, -119.45,
     2 -122.11, -135.27, -106.37, -126.25,
     2 -142.36, -108.78, -111.48, -125.02, -102.88, -144.35, -161.64,
     2 -129.75, -133.88, -138.22, -136.17, 0./

C Tsn.197-213 05-07.12.2013, natYb+48Ca, BACK strips
     Eexp     Ecal   Differ   Channel
     1   A= 2.56129   B=  -94.04
   6040.0   6040.4     -0.4  2395.053
   6143.8   6139.3      4.5  2433.671
   6264.0   6263.4      0.6  2482.125
   6899.2   6903.7     -4.5  2732.105
   7137.0   7139.3     -2.3  2824.091
   7922.0   7920.6      1.4  3129.148
   8699.0   8700.9     -1.9  3433.798
   9265.0   9262.4      2.6  3653.030
     2   A= 2.64143   B=  -91.98
   6040.0   6043.2     -3.2  2322.684
   6143.8   6143.0      0.8  2360.472
   6264.0   6257.9      6.1  2403.934
   6899.2   6902.7     -3.5  2648.063
   7137.0   7140.4     -3.4  2738.043
   7922.0   7919.1      2.9  3032.836
   8699.0   8697.1      1.9  3327.395
   9265.0   9266.6     -1.6  3543.000
     3   A= 2.57288   B=  -78.46
   6040.0   6040.0      0.0  2378.069
   6143.8   6138.5      5.3  2416.346
   6264.0   6264.9     -0.9  2465.452
   6899.2   6902.7     -3.5  2713.346
   7137.0   7138.8     -1.8  2805.143
   7922.0   7921.7      0.3  3109.406
   8699.0   8703.1     -4.1  3413.108
   9265.0   9260.4      4.6  3629.724
     4   A= 2.63209   B= -109.15
   6040.0   6035.7      4.3  2334.577
   6143.8   6140.6      3.2  2374.453
   6264.0   6268.4     -4.4  2423.012
   6899.2   6902.8     -3.6  2664.019
   7137.0   7138.2     -1.2  2753.447
   7922.0   7920.1      1.9  3050.517
   8699.0   8702.9     -3.9  3347.923
   9265.0   9261.3      3.7  3560.083
     5   A= 2.54402   B=  -77.25
   6040.0   6041.4     -1.4  2405.097
   6143.8   6138.3      5.5  2443.200
   6264.0   6263.7      0.3  2492.500
   6899.2   6901.4     -2.2  2743.165
   7137.0   7142.4     -5.4  2837.892
   7922.0   7920.0      2.0  3143.548
   8699.0   8698.6      0.4  3449.605
   9265.0   9264.3      0.7  3671.953
     6   A= 2.64155   B=  -90.22
   6040.0   6037.6      2.4  2319.790
   6143.8   6138.6      5.2  2358.000
   6264.0   6265.8     -1.8  2406.185
   6899.2   6905.7     -6.5  2648.404
   7137.0   7140.8     -3.8  2737.396
   7922.0   7917.2      4.8  3031.317
   8699.0   8702.1     -3.1  3328.459
   9265.0   9262.3      2.7  3540.526
     7   A= 2.54856   B=  -76.40
   6040.0   6040.0      0.0  2399.941
   6143.8   6138.1      5.7  2438.448
   6264.0   6265.3     -1.3  2488.359
   6899.2   6904.5     -5.3  2739.155
   7137.0   7139.8     -2.8  2831.466
   7922.0   7918.0      4.0  3136.840
   8699.0   8700.5     -1.5  3443.869
   9265.0   9263.8      1.2  3664.900
     8   A= 2.57778   B=  -88.46
   6040.0   6034.3      5.7  2375.207
   6143.8   6142.3      1.5  2417.087
   6264.0   6267.9     -3.9  2465.816
   6899.2   6901.8     -2.6  2711.724
   7137.0   7140.2     -3.2  2804.217
   7922.0   7919.3      2.7  3106.464
   8699.0   8703.2     -4.2  3410.563
   9265.0   9261.1      3.9  3626.964
     9   A= 2.54723   B=  -85.51
   6040.0   6037.9      2.1  2403.949
   6143.8   6140.9      2.9  2444.394
   6264.0   6264.6     -0.6  2492.947
   6899.2   6905.8     -6.6  2744.664
   7137.0   7138.6     -1.6  2836.086
   7922.0   7917.4      4.6  3141.822
   8699.0   8701.3     -2.3  3449.569
   9265.0   9263.5      1.5  3670.268
    10   A= 2.57879   B=  -93.05
   6040.0   6043.9     -3.9  2379.779
   6143.8   6138.5      5.3  2416.461
   6264.0   6258.2      5.8  2462.888
   6899.2   6905.5     -6.3  2713.873
   7137.0   7139.5     -2.5  2804.620
   7922.0   7921.3      0.7  3107.793
   8699.0   8703.3     -4.3  3411.029
   9265.0   9259.9      5.1  3626.881
    11   A= 2.64848   B=  -96.97
   6040.0   6037.3      2.7  2316.134
   6143.8   6142.7      1.1  2355.957
   6264.0   6263.7      0.3  2401.643
   6899.2   6904.7     -5.5  2643.654
   7137.0   7140.4     -3.4  2732.652
   7922.0   7915.4      6.6  3025.261
   8699.0   8702.0     -3.0  3322.291
   9265.0   9263.8      1.2  3534.377
    12   A= 2.60364   B= -111.48
   6040.0   6040.9     -0.9  2363.000
   6143.8   6136.7      7.1  2399.788
   6264.0   6265.1     -1.1  2449.120
   6899.2   6904.0     -4.8  2694.497
   7137.0   7139.6     -2.6  2784.968
   7922.0   7921.6      0.4  3085.320
   8699.0   8698.3      0.7  3383.657
   9265.0   9263.8      1.2  3600.826
    13   A= 2.56587   B=  -88.83
   6040.0   6037.1      2.9  2387.463
   6143.8   6146.1     -2.3  2429.968
   6264.0   6263.3      0.7  2475.621
   6899.2   6904.9     -5.7  2725.663
   7137.0   7134.7      2.3  2815.243
   7922.0   7917.5      4.5  3120.326
   8699.0   8702.1     -3.1  3426.104
   9265.0   9264.3      0.7  3645.199
    14   A= 2.63301   B=  -96.62
   6040.0   6037.9      2.1  2329.841
   6143.8   6139.4      4.4  2368.409
   6264.0   6268.6     -4.6  2417.485
   6899.2   6904.5     -5.3  2658.963
   7137.0   7136.5      0.5  2747.079
   7922.0   7918.1      3.9  3043.940
   8699.0   8699.9     -0.9  3340.868
   9265.0   9265.1     -0.1  3555.509
    15   A= 2.50285   B= -102.32
   6040.0   6037.0      3.0  2452.927
   6143.8   6137.9      5.9  2493.260
   6264.0   6268.3     -4.3  2545.351
   6899.2   6905.9     -6.7  2800.112
   7137.0   7139.6     -2.6  2893.464
   7922.0   7916.5      5.5  3203.856
   8699.0   8701.0     -2.0  3517.296
   9265.0   9263.8      1.2  3742.169
    16   A= 2.61295   B= -104.95
   6040.0   6036.8      3.2  2350.487
   6143.8   6142.1      1.7  2390.794
   6264.0   6267.7     -3.7  2438.878
   6899.2   6903.5     -4.3  2682.200
   7137.0   7137.6     -0.6  2771.779
   7922.0   7916.0      6.0  3069.702
   8699.0   8701.4     -2.4  3370.287
   9265.0   9264.9      0.1  3585.926
    17   A= 2.54330   B=  -83.51
   6040.0   6034.9      5.1  2405.688
   6143.8   6141.8      2.0  2447.745
   6264.0   6268.0     -4.0  2497.365
   6899.2   6903.9     -4.7  2747.389
   7137.0   7140.2     -3.2  2840.275
   7922.0   7914.7      7.3  3144.821
   8699.0   8703.3     -4.3  3454.890
   9265.0   9263.1      1.9  3674.982
    18   A= 2.66696   B= -101.33
   6040.0   6038.2      1.8  2302.061
   6143.8   6140.7      3.1  2340.495
   6264.0   6263.5      0.5  2386.536
   6899.2   6905.4     -6.2  2627.253
   7137.0   7141.1     -4.1  2715.612
   7922.0   7917.2      4.8  3006.625
   8699.0   8699.5     -0.5  3299.945
   9265.0   9264.4      0.6  3511.779
    19   A= 2.65791   B=  -94.15
   6040.0   6037.0      3.0  2306.760
   6143.8   6141.8      2.0  2346.170
   6264.0   6263.7      0.3  2392.056
   6899.2   6903.2     -4.0  2632.642
   7137.0   7142.5     -5.5  2722.681
   7922.0   7917.0      5.0  3014.083
   8699.0   8703.3     -4.3  3309.919
   9265.0   9261.5      3.5  3519.905
    20   A= 2.57249   B= -111.15
   6040.0   6038.0      2.0  2390.355
   6143.8   6141.8      2.0  2430.695
   6264.0   6264.4     -0.4  2478.359
   6899.2   6902.8     -3.6  2726.508
   7137.0   7137.6     -0.6  2817.784
   7922.0   7923.3     -1.3  3123.206
   8699.0   8698.9      0.1  3424.722
   9265.0   9263.2      1.8  3644.066
    21   A= 2.53792   B=  -74.49
   6040.0   6039.8      0.2  2409.170
   6143.8   6137.2      6.6  2447.538
   6264.0   6266.3     -2.3  2498.423
   6899.2   6902.8     -3.6  2749.232
   7137.0   7141.2     -4.2  2843.146
   7922.0   7918.7      3.3  3149.510
   8699.0   8701.6     -2.6  3457.985
   9265.0   9262.4      2.6  3678.956
    22   A= 2.57525   B=  -73.46
   6040.0   6043.9     -3.9  2375.428
   6143.8   6140.0      3.8  2412.750
   6264.0   6263.2      0.8  2460.614
   6899.2   6898.9      0.3  2707.460
   7137.0   7138.3     -1.3  2800.400
   7922.0   7920.8      1.2  3104.258
   8699.0   8701.6     -2.6  3407.459
   9265.0   9263.4      1.6  3625.608
    23   A= 2.56397   B=  -61.62
   6040.0   6037.8      2.2  2378.905
   6143.8   6141.5      2.3  2419.340
   6264.0   6263.9      0.1  2467.095
   6899.2   6901.5     -2.3  2715.773
   7137.0   7143.6     -6.6  2810.178
   7922.0   7916.8      5.2  3111.759
   8699.0   8702.5     -3.5  3418.181
   9265.0   9262.3      2.7  3636.532
    24   A= 2.64615   B=  -94.13
   6040.0   6039.0      1.0  2317.750
   6143.8   6139.1      4.7  2355.600
   6264.0   6265.7     -1.7  2403.438
   6899.2   6904.6     -5.4  2644.885
   7137.0   7139.3     -2.3  2733.578
   7922.0   7916.8      5.2  3027.391
   8699.0   8702.3     -3.3  3324.240
   9265.0   9263.1      1.9  3536.152
    25   A= 2.62206   B=  -81.64
   6040.0   6039.7      0.3  2334.537
   6143.8   6141.1      2.7  2373.222
   6264.0   6262.9      1.1  2419.683
   6899.2   6904.1     -4.9  2664.234
   7137.0   7138.5     -1.5  2753.631
   7922.0   7919.3      2.7  3051.379
   8699.0   8701.7     -2.7  3349.795
   9265.0   9262.6      2.4  3563.719
    26   A= 2.66507   B= -110.46
   6040.0   6037.1      2.9  2306.708
   6143.8   6139.8      4.0  2345.258
   6264.0   6267.6     -3.6  2393.207
   6899.2   6905.0     -5.8  2632.375
   7137.0   7139.0     -2.0  2720.177
   7922.0   7916.5      5.5  3011.911
   8699.0   8700.0     -1.0  3305.894
   9265.0   9265.0      0.0  3517.913
    27   A= 2.60489   B=  -86.69
   6040.0   6039.5      0.5  2351.808
   6143.8   6141.5      2.3  2390.950
   6264.0   6263.5      0.5  2437.804
   6899.2   6900.4     -1.2  2682.309
   7137.0   7140.3     -3.3  2774.380
   7922.0   7920.8      1.2  3074.011
   8699.0   8702.8     -3.8  3374.233
   9265.0   9261.2      3.8  3588.605
    28   A= 2.63613   B=  -98.57
   6040.0   6040.5     -0.5  2328.818
   6143.8   6137.3      6.5  2365.553
   6264.0   6265.7     -1.7  2414.246
   6899.2   6903.5     -4.3  2656.202
   7137.0   7139.5     -2.5  2745.700
   7922.0   7919.9      2.1  3041.745
   8699.0   8700.6     -1.6  3337.905
   9265.0   9263.0      2.0  3551.255
    29   A= 2.65538   B=  -79.59
   6040.0   6037.1      2.9  2303.491
   6143.8   6143.6      0.2  2343.603
   6264.0   6264.2     -0.2  2389.034
   6899.2   6902.3     -3.1  2629.326
   7137.0   7137.7     -0.7  2717.993
   7922.0   7921.8      0.2  3013.286
   8699.0   8701.0     -2.0  3306.708
   9265.0   9262.4      2.6  3518.135
    30   A= 2.64192   B=  -99.26
   6040.0   6038.7      1.3  2323.302
   6143.8   6139.6      4.2  2361.478
   6264.0   6266.3     -2.3  2409.441
   6899.2   6902.6     -3.4  2650.308
   7137.0   7139.2     -2.2  2739.860
   7922.0   7919.1      2.9  3035.066
   8699.0   8701.5     -2.5  3331.208
   9265.0   9262.9      2.1  3543.682
    31   A= 2.60077   B=  -80.68
   6040.0   6041.0     -1.0  2353.791
   6143.8   6142.1      1.7  2392.676
   6264.0   6263.1      0.9  2439.179
   6899.2   6903.3     -4.1  2685.353
   7137.0   7136.3      0.7  2774.959
   7922.0   7918.8      3.2  3075.824
   8699.0   8700.6     -1.6  3376.426
   9265.0   9264.8      0.2  3593.338
    32   A= 2.53404   B=  -90.96
   6040.0   6038.8      1.2  2418.953
   6143.8   6140.4      3.4  2459.047
   6264.0   6265.6     -1.6  2508.460
   6899.2   6901.7     -2.5  2759.493
   7137.0   7139.5     -2.5  2853.344
   7922.0   7919.2      2.8  3161.027
   8699.0   8703.2     -4.2  3470.394
   9265.0   9261.6      3.4  3690.779
    33   A= 2.67709   B= -119.68
   6040.0   6038.2      1.8  2300.220
   6143.8   6141.1      2.7  2338.661
   6264.0   6264.5     -0.5  2384.764
   6899.2   6903.2     -4.0  2623.336
   7137.0   7139.5     -2.5  2711.594
   7922.0   7918.9      3.1  3002.740
   8699.0   8702.1     -3.1  3295.296
   9265.0   9262.3      2.7  3504.549
    34   A= 2.63455   B= -119.07
   6040.0   6039.4      0.6  2337.564
   6143.8   6142.3      1.5  2376.652
   6264.0   6262.9      1.1  2422.433
   6899.2   6901.4     -2.2  2664.787
   7137.0   7139.6     -2.6  2755.183
   7922.0   7919.7      2.3  3051.290
   8699.0   8702.7     -3.7  3348.497
   9265.0   9261.9      3.1  3560.752
    35   A= 2.54049   B= -107.00
   6040.0   6038.3      1.7  2418.926
   6143.8   6138.0      5.8  2458.190
   6264.0   6266.4     -2.4  2508.739
   6899.2   6904.7     -5.5  2759.988
   7137.0   7138.5     -1.5  2852.000
   7922.0   7921.1      0.9  3160.058
   8699.0   8701.7     -2.7  3467.323
   9265.0   9261.3      3.7  3687.602
    36   A= 2.68977   B= -114.01
   6040.0   6038.3      1.7  2287.320
   6143.8   6139.8      4.0  2325.045
   6264.0   6263.7      0.3  2371.099
   6899.2   6905.3     -6.1  2609.622
   7137.0   7139.3     -2.3  2696.640
   7922.0   7920.6      1.4  2987.099
   8699.0   8701.5     -2.5  3277.441
   9265.0   9261.5      3.5  3485.608
    37   A= 2.85174   B= -109.87
   6040.0   6036.8      3.2  2155.415
   6143.8   6141.4      2.4  2192.083
   6264.0   6264.0      0.0  2235.075
   6899.2   6904.9     -5.7  2459.809
   7137.0   7138.6     -1.6  2541.758
   7922.0   7922.6     -0.6  2816.698
   8699.0   8699.7     -0.7  3089.207
   9265.0   9262.0      3.0  3286.388
    38   A= 2.57344   B= -118.44
   6040.0   6038.3      1.7  2392.435
   6143.8   6139.9      3.9  2431.903
   6264.0   6264.5     -0.5  2480.324
   6899.2   6900.5     -1.3  2727.442
   7137.0   7143.1     -6.1  2821.728
   7922.0   7920.8      1.2  3123.939
   8699.0   8701.8     -2.8  3427.417
   9265.0   9261.0      4.0  3644.720
    39   A= 2.85195   B= -109.91
   6040.0   6036.2      3.8  2155.055
   6143.8   6141.9      1.9  2192.128
   6264.0   6264.5     -0.5  2235.105
   6899.2   6905.0     -5.8  2459.693
   7137.0   7139.3     -2.3  2541.828
   7922.0   7918.9      3.1  2815.196
   8699.0   8703.0     -4.0  3090.132
   9265.0   9261.2      3.8  3285.856
    40   A= 2.60307   B= -121.74
   6040.0   6042.0     -2.0  2367.867
   6143.8   6142.2      1.6  2406.383
   6264.0   6261.3      2.7  2452.111
   6899.2   6901.2     -2.0  2697.944
   7137.0   7138.3     -1.3  2789.022
   7922.0   7920.5      1.5  3089.507
   8699.0   8701.1     -2.1  3389.396
   9265.0   9263.4      1.6  3605.414
    41   A= 2.60846   B= -120.78
   6040.0   6041.3     -1.3  2362.329
   6143.8   6139.7      4.1  2400.080
   6264.0   6264.6     -0.6  2447.945
   6899.2   6904.7     -5.5  2693.340
   7137.0   7134.9      2.1  2781.589
   7922.0   7919.2      2.8  3082.289
   8699.0   8703.0     -4.0  3382.754
   9265.0   9262.6      2.4  3597.307
    42   A= 2.68484   B= -123.02
   6040.0   6037.8      2.2  2294.658
   6143.8   6139.0      4.8  2332.355
   6264.0   6265.3     -1.3  2379.395
   6899.2   6904.5     -5.3  2617.496
   7137.0   7140.9     -3.9  2705.554
   7922.0   7918.5      3.5  2995.170
   8699.0   8703.0     -4.0  3287.371
   9265.0   9261.0      4.0  3495.183
    43   A= 2.56929   B= -117.29
   6040.0   6037.9      2.1  2395.700
   6143.8   6141.4      2.4  2435.981
   6264.0   6266.4     -2.4  2484.629
   6899.2   6901.0     -1.8  2731.615
   7137.0   7137.8     -0.8  2823.795
   7922.0   7921.2      0.8  3128.700
   8699.0   8701.9     -2.9  3432.551
   9265.0   9262.2      2.8  3650.608
    44   A= 2.62989   B= -121.30
   6040.0   6038.6      1.4  2342.260
   6143.8   6141.9      1.9  2381.551
   6264.0   6265.2     -1.2  2428.443
   6899.2   6905.3     -6.1  2671.840
   7137.0   7134.1      2.9  2758.842
   7922.0   7918.8      3.2  3057.197
   8699.0   8703.9     -4.9  3355.727
   9265.0   9262.1      2.9  3568.000
    45   A= 2.53778   B= -116.45
   6040.0   6037.9      2.1  2425.078
   6143.8   6138.6      5.2  2464.754
   6264.0   6267.6     -3.6  2515.594
   6899.2   6901.1     -1.9  2765.232
   7137.0   7142.2     -5.2  2860.218
   7922.0   7918.6      3.4  3166.174
   8699.0   8702.0     -3.0  3474.885
   9265.0   9262.1      2.9  3695.571
    46   A= 2.61486   B= -118.08
   6040.0   6037.8      2.2  2354.180
   6143.8   6140.1      3.7  2393.317
   6264.0   6266.1     -2.1  2441.505
   6899.2   6904.3     -5.1  2685.581
   7137.0   7137.6     -0.6  2774.776
   7922.0   7920.2      1.8  3074.097
   8699.0   8701.7     -2.7  3372.943
   9265.0   9262.2      2.8  3587.302
    47   A= 2.54123   B= -115.09
   6040.0   6036.4      3.6  2420.687
   6143.8   6143.7      0.1  2462.916
   6264.0   6265.3     -1.3  2510.761
   6899.2   6903.4     -4.2  2761.833
   7137.0   7135.9      1.1  2853.333
   7922.0   7920.7      1.3  3162.165
   8699.0   8702.6     -3.6  3469.839
   9265.0   9262.0      3.0  3689.974
    48   A= 2.61387   B= -116.20
   6040.0   6038.5      1.5  2354.638
   6143.8   6142.1      1.7  2394.270
   6264.0   6265.4     -1.4  2441.417
   6899.2   6901.2     -2.0  2684.681
   7137.0   7137.6     -0.6  2775.105
   7922.0   7920.3      1.7  3074.566
   8699.0   8703.0     -4.0  3373.998
   9265.0   9261.9      3.1  3587.818
    49   A= 2.55625   B= -129.48
   6040.0   6038.0      2.0  2412.704
   6143.8   6140.1      3.7  2452.628
   6264.0   6264.7     -0.7  2501.381
   6899.2   6904.8     -5.6  2751.808
   7137.0   7141.4     -4.4  2844.365
   7922.0   7915.4      6.6  3147.126
   8699.0   8703.3     -4.3  3455.356
   9265.0   9262.4      2.6  3674.070
    50   A= 2.63677   B= -120.33
   6040.0   6037.1      2.9  2335.222
   6143.8   6141.4      2.4  2374.770
   6264.0   6264.5     -0.5  2421.442
   6899.2   6903.7     -4.5  2663.888
   7137.0   7140.0     -3.0  2753.500
   7922.0   7919.5      2.5  3049.112
   8699.0   8702.1     -3.1  3345.912
   9265.0   9261.7      3.3  3558.160
    51   A= 2.60267   B= -117.39
   6040.0   6038.5      1.5  2365.232
   6143.8   6139.8      4.0  2404.138
   6264.0   6265.0     -1.0  2452.264
   6899.2   6904.7     -5.5  2698.048
   7137.0   7138.4     -1.4  2787.825
   7922.0   7919.5      2.5  3087.949
   8699.0   8701.5     -2.5  3388.387
   9265.0   9262.5      2.5  3603.942
    52   A= 2.65735   B= -122.73
   6040.0   6038.1      1.9  2318.409
   6143.8   6140.3      3.5  2356.889
   6264.0   6264.7     -0.7  2403.688
   6899.2   6903.4     -4.2  2644.047
   7137.0   7139.7     -2.7  2732.967
   7922.0   7920.6      1.4  3026.824
   8699.0   8700.9     -1.9  3320.455
   9265.0   9262.3      2.7  3531.724
    53   A= 2.58321   B= -125.71
   6040.0   6038.6      1.4  2386.280
   6143.8   6139.2      4.6  2425.231
   6264.0   6265.5     -1.5  2474.146
   6899.2   6902.2     -3.0  2720.605
   7137.0   7140.2     -3.2  2812.758
   7922.0   7921.5      0.5  3115.179
   8699.0   8701.5     -2.5  3417.130
   9265.0   9261.4      3.6  3633.903
    54   A= 2.63286   B= -114.80
   6040.0   6040.2     -0.2  2337.750
   6143.8   6140.0      3.8  2375.668
   6264.0   6264.1     -0.1  2422.812
   6899.2   6901.6     -2.4  2664.939
   7137.0   7138.8     -1.8  2755.015
   7922.0   7921.5      0.5  3052.307
   8699.0   8703.1     -4.1  3349.159
   9265.0   9260.8      4.2  3561.002
    55   A= 2.64612   B= -116.64
   6040.0   6039.0      1.0  2326.295
   6143.8   6137.4      6.4  2363.490
   6264.0   6265.4     -1.4  2411.838
   6899.2   6906.6     -7.4  2654.147
   7137.0   7139.7     -2.7  2742.241
   7922.0   7916.8      5.2  3035.916
   8699.0   8704.3     -5.3  3333.545
   9265.0   9260.9      4.1  3543.864
    56   A= 2.63257   B= -105.37
   6040.0   6037.5      2.5  2333.403
   6143.8   6140.1      3.7  2372.374
   6264.0   6264.9     -0.9  2419.803
   6899.2   6903.9     -4.7  2662.541
   7137.0   7141.4     -4.4  2752.738
   7922.0   7917.7      4.3  3047.615
   8699.0   8703.2     -4.2  3346.006
   9265.0   9261.3      3.7  3558.001
    57   A= 2.56785   B= -118.37
   6040.0   6036.8      3.2  2397.034
   6143.8   6142.6      1.2  2438.215
   6264.0   6262.0      2.0  2484.700
   6899.2   6905.1     -5.9  2735.173
   7137.0   7140.2     -3.2  2826.711
   7922.0   7920.6      1.4  3130.619
   8699.0   8701.2     -2.2  3434.608
   9265.0   9261.5      3.5  3652.825
    58   A= 2.68182   B= -124.86
   6040.0   6040.1     -0.1  2298.787
   6143.8   6144.4     -0.6  2337.687
   6264.0   6262.2      1.8  2381.603
   6899.2   6899.1      0.1  2619.118
   7137.0   7138.8     -1.8  2708.492
   7922.0   7920.3      1.7  2999.887
   8699.0   8702.3     -3.3  3291.482
   9265.0   9262.7      2.3  3500.459
    59   A= 2.56827   B= -123.22
   6040.0   6039.9      0.1  2399.727
   6143.8   6141.6      2.2  2439.308
   6264.0   6264.3     -0.3  2487.103
   6899.2   6902.1     -2.9  2735.438
   7137.0   7138.3     -1.3  2827.385
   7922.0   7918.4      3.6  3131.139
   8699.0   8701.4     -2.4  3436.006
   9265.0   9264.0      1.0  3655.057
    60   A= 2.59227   B= -115.79
   6040.0   6038.4      1.6  2374.066
   6143.8   6142.7      1.1  2414.277
   6264.0   6264.3     -0.3  2461.188
   6899.2   6903.5     -4.3  2707.771
   7137.0   7135.9      1.1  2797.443
   7922.0   7920.6      1.4  3100.125
   8699.0   8702.5     -3.5  3401.779
   9265.0   9262.2      2.8  3617.665
    61   A= 2.59626   B= -107.97
   6040.0   6037.6      2.4  2367.076
   6143.8   6142.0      1.8  2407.296
   6264.0   6263.7      0.3  2454.171
   6899.2   6902.0     -2.8  2700.043
   7137.0   7140.4     -3.4  2791.850
   7922.0   7921.1      0.9  3092.545
   8699.0   8702.2     -3.2  3393.415
   9265.0   9261.1      3.9  3608.666
    62   A= 2.60727   B= -118.97
   6040.0   6039.2      0.8  2361.941
   6143.8   6138.0      5.8  2399.832
   6264.0   6267.1     -3.1  2449.335
   6899.2   6903.0     -3.8  2693.246
   7137.0   7140.0     -3.0  2784.129
   7922.0   7917.4      4.6  3082.294
   8699.0   8702.3     -3.3  3383.338
   9265.0   9262.9      2.1  3598.332
    63   A= 2.53428   B= -118.86
   6040.0   6040.6     -0.6  2430.469
   6143.8   6141.9      1.9  2470.413
   6264.0   6261.5      2.5  2517.605
   6899.2   6901.3     -2.1  2770.095
   7137.0   7140.8     -3.8  2864.591
   7922.0   7919.3      2.7  3171.763
   8699.0   8703.0     -4.0  3481.005
   9265.0   9261.7      3.3  3701.458
    64   A= 2.60759   B= -119.57
   6040.0   6040.0      0.0  2362.179
   6143.8   6138.3      5.5  2399.857
   6264.0   6264.1     -0.1  2448.109
   6899.2   6902.1     -2.9  2692.784
   7137.0   7141.9     -4.9  2784.739
   7922.0   7921.1      0.9  3083.550
   8699.0   8700.6     -1.6  3382.511
   9265.0   9261.9      3.1  3597.758
    65   A= 3.19878   B=  -98.19
   6040.0   6037.8      2.2  1918.228
   6143.8   6142.5      1.3  1950.958
   6264.0   6264.4     -0.4  1989.062
   6899.2   6905.4     -6.2  2189.443
   7137.0   7139.5     -2.5  2262.653
   7922.0   7914.2      7.8  2504.812
   8699.0   8700.2     -1.2  2750.537
   9265.0   9266.1     -1.1  2927.450
    66   A= 2.88008   B=  -95.98
   6040.0   6039.9      0.1  2130.440
   6143.8   6140.8      3.0  2165.482
   6264.0   6265.5     -1.5  2208.778
   6899.2   6901.7     -2.5  2429.695
   7137.0   7139.5     -2.5  2512.237
   7922.0   7916.6      5.4  2782.071
   8699.0   8701.6     -2.6  3054.626
   9265.0   9264.5      0.5  3250.065
    67   A= 2.97163   B= -116.04
   6040.0   6038.2      1.8  2071.000
   6143.8   6140.8      3.0  2105.517
   6264.0   6267.5     -3.5  2148.145
   6899.2   6900.2     -1.0  2361.066
   7137.0   7140.2     -3.2  2441.824
   7922.0   7919.0      3.0  2703.908
   8699.0   8698.8      0.2  2966.325
   9265.0   9265.4     -0.4  3157.015
    68   A= 2.94368   B= -106.31
   6040.0   6039.0      1.0  2087.617
   6143.8   6140.4      3.4  2122.072
   6264.0   6263.4      0.6  2163.850
   6899.2   6902.8     -3.6  2381.073
   7137.0   7139.7     -2.7  2461.544
   7922.0   7923.6     -1.6  2727.849
   8699.0   8697.7      1.3  2990.809
   9265.0   9263.4      1.6  3182.981
    69   A= 3.01656   B= -369.18
   6040.0   6036.7      3.3  2123.591
   6143.8   6138.6      5.2  2157.371
   6264.0   6262.8      1.2  2198.520
   6899.2   6907.8     -8.6  2412.343
   7137.0   7139.6     -2.6  2489.198
   7922.0   7924.6     -2.6  2749.418
   8699.0   8700.8     -1.8  3006.745
   9265.0   9259.0      6.0  3191.779
    70   A= 3.00902   B=  -94.65
   6040.0   6041.3     -1.3  2039.171
   6143.8   6141.4      2.4  2072.448
   6264.0   6263.8      0.2  2113.122
   6899.2   6901.4     -2.2  2325.031
   7137.0   7140.1     -3.1  2404.342
   7922.0   7915.6      6.4  2662.068
   8699.0   8701.0     -2.0  2923.093
   9265.0   9265.6     -0.6  3110.716
    71   A= 3.34208   B= -397.19
   6040.0   6036.4      3.6  1925.037
   6143.8   6139.2      4.6  1955.786
   6264.0   6262.1      1.9  1992.567
   6899.2   6904.8     -5.6  2184.857
   7137.0   7144.6     -7.6  2256.619
   7922.0   7922.8     -0.8  2489.470
   8699.0   8701.2     -2.2  2722.370
   9265.0   9258.9      6.1  2889.244
    72   A= 2.91605   B= -101.76
   6040.0   6040.7     -0.7  2106.436
   6143.8   6140.4      3.4  2140.612
   6264.0   6262.5      1.5  2182.476
   6899.2   6903.3     -4.1  2402.239
   7137.0   7142.1     -5.1  2484.145
   7922.0   7915.5      6.5  2749.349
   8699.0   8701.2     -2.2  3018.780
   9265.0   9264.4      0.6  3211.918
    73   A= 3.05120   B= -121.41
   6040.0   6041.2     -1.2  2019.721
   6143.8   6140.0      3.8  2052.124
   6264.0   6263.6      0.4  2092.625
   6899.2   6902.6     -3.4  2302.053
   7137.0   7139.6     -2.6  2379.714
   7922.0   7918.4      3.6  2634.954
   8699.0   8699.8     -0.8  2891.051
   9265.0   9264.8      0.2  3076.237
    74   A= 2.89003   B= -106.98
   6040.0   6040.5     -0.5  2127.117
   6143.8   6142.5      1.3  2162.412
   6264.0   6262.5      1.5  2203.931
   6899.2   6904.2     -5.0  2426.000
   7137.0   7138.5     -1.5  2507.060
   7922.0   7915.7      6.3  2775.968
   8699.0   8700.5     -1.5  3047.527
   9265.0   9265.8     -0.8  3243.127
    75   A= 3.03077   B= -101.70
   6040.0   6039.6      0.4  2026.314
   6143.8   6139.6      4.2  2059.305
   6264.0   6264.6     -0.6  2100.542
   6899.2   6904.1     -4.9  2311.545
   7137.0   7139.1     -2.1  2389.095
   7922.0   7919.3      2.7  2646.520
   8699.0   8699.7     -0.7  2903.998
   9265.0   9264.1      0.9  3090.230
    76   A= 2.95464   B= -104.44
   6040.0   6041.5     -1.5  2080.101
   6143.8   6139.7      4.1  2113.333
   6264.0   6263.6      0.4  2155.261
   6899.2   6904.4     -5.2  2372.163
   7137.0   7139.0     -2.0  2451.557
   7922.0   7916.1      5.9  2714.557
   8699.0   8700.0     -1.0  2979.859
   9265.0   9265.7     -0.7  3171.333
    77   A= 3.04719   B= -105.25
   6040.0   6036.5      3.5  2015.541
   6143.8   6141.0      2.8  2049.842
   6264.0   6267.3     -3.3  2091.274
   6899.2   6903.4     -4.2  2300.040
   7137.0   7138.7     -1.7  2377.261
   7922.0   7919.0      3.0  2633.337
   8699.0   8700.0     -1.0  2889.624
   9265.0   9264.0      1.0  3074.728
    78   A= 2.92203   B=  -89.40
   6040.0   6038.9      1.1  2097.262
   6143.8   6142.7      1.1  2132.784
   6264.0   6265.5     -1.5  2174.836
   6899.2   6903.2     -4.0  2393.075
   7137.0   7137.3     -0.3  2473.183
   7922.0   7914.9      7.1  2739.287
   8699.0   8702.6     -3.6  3008.873
   9265.0   9264.9      0.1  3201.299
    79   A= 3.15167   B= -104.15
   6040.0   6041.8     -1.8  1950.075
   6143.8   6140.7      3.1  1981.440
   6264.0   6263.5      0.5  2020.405
   6899.2   6900.2     -1.0  2222.431
   7137.0   7140.1     -3.1  2298.536
   7922.0   7918.3      3.7  2545.474
   8699.0   8701.1     -2.1  2793.834
   9265.0   9264.2      0.8  2972.503
    80   A= 2.94363   B=  -84.93
   6040.0   6041.9     -1.9  2081.397
   6143.8   6139.2      4.6  2114.453
   6264.0   6267.5     -3.5  2158.029
   6899.2   6902.3     -3.1  2373.670
   7137.0   7135.5      1.5  2452.883
   7922.0   7916.6      5.4  2718.254
   8699.0   8700.2     -1.2  2984.452
   9265.0   9266.7     -1.7  3176.909
    81   A= 3.20280   B= -106.19
   6040.0   6038.1      1.9  1918.419
   6143.8   6143.4      0.4  1951.300
   6264.0   6263.5      0.5  1988.793
   6899.2   6902.5     -3.3  2188.302
   7137.0   7138.6     -1.6  2262.009
   7922.0   7919.0      3.0  2505.682
   8699.0   8702.0     -3.0  2750.141
   9265.0   9262.9      2.1  2925.297
    82   A= 2.90945   B= -107.85
   6040.0   6039.8      0.2  2113.000
   6143.8   6139.3      4.5  2147.191
   6264.0   6265.6     -1.6  2190.593
   6899.2   6903.7     -4.5  2409.919
   7137.0   7140.1     -3.1  2491.165
   7922.0   7915.8      6.2  2757.787
   8699.0   8701.1     -2.1  3027.691
   9265.0   9264.7      0.3  3221.407
    83   A= 2.98495   B= -110.73
   6040.0   6039.6      0.4  2060.464
   6143.8   6137.7      6.1  2093.305
   6264.0   6264.8     -0.8  2135.902
   6899.2   6904.7     -5.5  2350.281
   7137.0   7141.3     -4.3  2429.526
   7922.0   7918.5      3.5  2689.902
   8699.0   8699.7     -0.7  2951.626
   9265.0   9263.6      1.4  3140.547
    84   A= 2.95688   B= -106.95
   6040.0   6039.3      0.7  2078.611
   6143.8   6144.6     -0.8  2114.235
   6264.0   6261.5      2.5  2153.766
   6899.2   6899.5     -0.3  2369.531
   7137.0   7141.4     -4.4  2451.339
   7922.0   7919.5      2.5  2714.516
   8699.0   8700.7     -1.7  2978.682
   9265.0   9263.6      1.4  3169.084
    85   A= 2.99530   B= -110.82
   6040.0   6038.7      1.3  2053.046
   6143.8   6140.0      3.8  2086.860
   6264.0   6264.7     -0.7  2128.524
   6899.2   6905.4     -6.2  2342.400
   7137.0   7140.6     -3.6  2420.944
   7922.0   7914.8      7.2  2679.394
   8699.0   8701.8     -2.8  2942.146
   9265.0   9264.1      0.9  3129.869
    86   A= 2.90468   B= -106.76
   6040.0   6039.5      0.5  2115.981
   6143.8   6143.6      0.2  2151.833
   6264.0   6262.7      1.3  2192.838
   6899.2   6903.3     -4.1  2413.361
   7137.0   7137.6     -0.6  2494.015
   7922.0   7917.1      4.9  2762.374
   8699.0   8702.1     -3.1  3032.635
   9265.0   9264.1      0.9  3226.134
    87   A= 3.26333   B= -119.29
   6040.0   6041.9     -1.9  1888.000
   6143.8   6139.1      4.7  1917.790
   6264.0   6263.6      0.4  1955.958
   6899.2   6904.1     -4.9  2152.203
   7137.0   7138.7     -1.7  2224.093
   7922.0   7917.9      4.1  2462.889
   8699.0   8699.3     -0.3  2702.316
   9265.0   9265.4     -0.4  2875.815
    88   A= 2.92664   B= -102.91
   6040.0   6038.0      2.0  2098.294
   6143.8   6141.2      2.6  2133.526
   6264.0   6265.2     -1.2  2175.905
   6899.2   6900.6     -1.4  2393.031
   7137.0   7140.2     -3.2  2474.890
   7922.0   7921.3      0.7  2741.784
   8699.0   8702.1     -3.1  3008.557
   9265.0   9261.4      3.6  3199.674
    89   A= 3.22204   B= -108.40
   6040.0   6038.2      1.8  1907.686
   6143.8   6147.8     -4.0  1941.697
   6264.0   6261.3      2.7  1976.901
   6899.2   6901.1     -1.9  2175.491
   7137.0   7137.9     -0.9  2248.975
   7922.0   7917.4      4.6  2490.895
   8699.0   8701.0     -2.0  2734.114
   9265.0   9265.3     -0.3  2909.229
    90   A= 2.87706   B= -102.21
   6040.0   6041.2     -1.2  2135.295
   6143.8   6142.4      1.4  2170.475
   6264.0   6263.5      0.5  2212.566
   6899.2   6901.9     -2.7  2434.463
   7137.0   7137.2     -0.2  2516.244
   7922.0   7917.8      4.2  2787.585
   8699.0   8701.0     -2.0  3059.787
   9265.0   9265.1     -0.1  3255.857
    91   A= 3.10890   B= -108.87
   6040.0   6039.9      0.1  1977.798
   6143.8   6143.4      0.4  2011.078
   6264.0   6264.4     -0.4  2050.016
   6899.2   6903.6     -4.4  2255.626
   7137.0   7135.8      1.2  2330.301
   7922.0   7915.5      6.5  2581.098
   8699.0   8701.2     -2.2  2833.814
   9265.0   9266.2     -1.2  3015.558
    92   A= 2.81105   B= -103.65
   6040.0   6037.9      2.1  2184.789
   6143.8   6143.7      0.1  2222.447
   6264.0   6262.6      1.4  2264.721
   6899.2   6904.6     -5.4  2493.105
   7137.0   7138.8     -1.8  2576.443
   7922.0   7917.5      4.5  2853.440
   8699.0   8700.3     -1.3  3131.902
   9935.0   9264.6      0.4  3332.661
    29   A= 3.15569   B= -109.84
   6040.0   6042.5     -2.5  1949.596
   6143.8   6142.1      1.7  1981.156
   6264.0   6261.3      2.7  2018.949
   6899.2   6902.2     -3.0  2222.018
   7137.0   7139.2     -2.2  2297.142
   7922.0   7916.7      5.3  2543.500
   8699.0   8700.5     -1.5  2791.885
   9265.0   9265.6     -0.6  2970.952
    94   A= 2.79403   B= -103.69
   6040.0   6034.6      5.4  2196.936
   6143.8   6143.3      0.5  2235.848
   6264.0   6266.7     -2.7  2280.020
   6899.2   6903.4     -4.2  2507.889
   7137.0   7138.1     -1.1  2591.884
   7922.0   7919.6      2.4  2871.591
   8699.0   8701.9     -2.9  3151.564
   9265.0   9262.3      2.7  3352.164
    95   A= 3.21428   B= -104.85
   6040.0   6042.4     -2.4  1912.497
   6143.8   6142.5      1.3  1943.612
   6264.0   6263.8      0.2  1981.375
   6899.2   6902.7     -3.5  2180.144
   7137.0   7136.8      0.2  2252.964
   7922.0   7912.2      9.8  2494.201
   8699.0   8702.8     -3.8  2740.176
   9265.0   9266.7     -1.7  2915.602
    96   A= 2.83658   B= -100.78
   6040.0   6038.2      1.8  2164.216
   6143.8   6143.5      0.3  2201.330
   6264.0   6264.7     -0.7  2244.064
   6899.2   6903.5     -4.3  2469.259
   7137.0   7138.1     -1.1  2551.985
   7922.0   7915.9      6.1  2826.180
   8699.0   8700.3     -1.3  3102.728
   9265.0   9265.9     -0.9  3302.107
    97   A= 2.51033   B=  -93.85
   6040.0   6042.3     -2.3  2444.343
   6143.8   6137.5      6.3  2482.270
   6264.0   6265.2     -1.2  2533.164
   6899.2   6901.7     -2.5  2786.700
   7137.0   7139.3     -2.3  2881.369
   7922.0   7919.4      2.6  3192.093
   8699.0   8701.5     -2.5  3503.674
   9265.0   9263.1      1.9  3727.363
    98   A= 3.25239   B=  -89.72
   6040.0   6043.7     -3.7  1885.802
   6143.8   6140.2      3.6  1915.495
   6264.0   6261.7      2.3  1952.845
   6899.2   6904.2     -5.0  2150.397
   7137.0   7136.3      0.7  2221.769
   7922.0   7918.7      3.3  2462.302
   8699.0   8699.7     -0.7  2702.443
   9265.0   9265.5     -0.5  2876.420
    99   A= 2.53862   B= -100.04
   6040.0   6039.6      0.4  2418.513
   6143.8   6141.6      2.2  2458.661
   6264.0   6261.9      2.1  2506.079
   6899.2   6905.5     -6.3  2759.594
   7137.0   7139.4     -2.4  2851.704
   7922.0   7915.6      6.4  3157.492
   8699.0   8704.2     -5.2  3468.136
   9265.0   9262.1      2.9  3687.875
   100   A= 2.96370   B= -108.66
   6040.0   6038.2      1.8  2074.062
   6143.8   6143.4      0.4  2109.560
   6264.0   6262.1      1.9  2149.586
   6899.2   6903.7     -4.5  2366.083
   7137.0   7140.0     -3.0  2445.812
   7922.0   7918.7      3.3  2708.577
   8699.0   8699.0      0.0  2971.844
   9265.0   9264.8      0.2  3162.762
   101   A= 2.52889   B=  -76.20
   6040.0   6041.0     -1.0  2418.917
   6143.8   6141.3      2.5  2458.576
   6264.0   6264.7     -0.7  2507.380
   6899.2   6899.8     -0.6  2758.516
   7137.0   7138.6     -1.6  2852.941
   7922.0   7918.6      3.4  3161.398
   8699.0   8703.5     -4.5  3471.763
   9265.0   9262.6      2.4  3692.837
   102   A= 2.91969   B=  -71.91
   6040.0   6036.6      3.4  2092.170
   6143.8   6139.8      4.0  2127.512
   6264.0   6266.0     -2.0  2170.738
   6899.2   6905.2     -6.0  2389.681
   7137.0   7142.0     -5.0  2470.785
   7922.0   7915.2      6.8  2735.611
   8699.0   8702.5     -3.5  3005.242
   9265.0   9262.7      2.3  3197.126
   103   A= 2.52240   B=  -97.55
   6040.0   6041.8     -1.8  2433.937
   6143.8   6138.3      5.5  2472.198
   6264.0   6264.4     -0.4  2522.169
   6899.2   6900.4     -1.2  2774.333
   7137.0   7141.4     -4.4  2869.846
   7922.0   7919.1      2.9  3178.193
   8699.0   8702.3     -3.3  3488.674
   9265.0   9262.3      2.7  3710.682
   104   A= 3.14762   B=  -88.21
   6040.0   6041.4     -1.4  1947.393
   6143.8   6138.6      5.2  1978.253
   6264.0   6262.7      1.3  2017.673
   6899.2   6903.4     -4.2  2221.250
   7137.0   7139.9     -2.9  2296.384
   7922.0   7921.6      0.4  2544.732
   8699.0   8698.9      0.1  2791.672
   9265.0   9263.4      1.6  2971.009
   105   A= 2.49657   B= -107.54
   6040.0   6038.9      1.1  2461.942
   6143.8   6142.4      1.4  2503.428
   6264.0   6261.9      2.1  2551.299
   6899.2   6903.1     -3.9  2808.110
   7137.0   7142.3     -5.3  2903.938
   7922.0   7915.5      6.5  3213.619
   8699.0   8703.3     -4.3  3529.172
   9265.0   9262.6      2.4  3753.205
   106   A= 3.00652   B= -105.37
   6040.0   6035.4      4.6  2042.476
   6143.8   6148.5     -4.7  2080.092
   6264.0   6264.0      0.0  2118.531
   6899.2   6902.3     -3.1  2330.826
   7137.0   7136.4      0.6  2408.691
   7922.0   7916.6      5.4  2668.188
   8699.0   8701.7     -2.7  2929.329
   9265.0   9265.1     -0.1  3116.724
   107   A= 2.51303   B= -121.50
   6040.0   6040.0      0.0  2451.833
   6143.8   6145.1     -1.3  2493.647
   6264.0   6264.2     -0.2  2541.029
   6899.2   6895.9      3.3  2792.395
   7137.0   7142.2     -5.2  2890.423
   7922.0   7915.1      6.9  3197.961
   8699.0   8701.7     -2.7  3510.971
   9265.0   9265.9     -0.9  3735.484
   108   A= 3.04695   B=  -82.94
   6040.0   6039.4      0.6  2009.320
   6143.8   6141.2      2.6  2042.750
   6264.0   6266.0     -2.0  2083.704
   6899.2   6901.2     -2.0  2292.155
   7137.0   7138.2     -1.2  2369.969
   7922.0   7918.0      4.0  2625.872
   8699.0   8703.0     -4.0  2883.512
   9265.0   9263.0      2.0  3067.323
   109   A= 2.50670   B=  -93.56
   6040.0   6039.8      0.2  2446.777
   6143.8   6137.3      6.5  2485.692
   6264.0   6265.1     -1.1  2536.679
   6899.2   6903.3     -4.1  2791.242
   7137.0   7143.4     -6.4  2887.031
   7922.0   7916.7      5.3  3195.517
   8699.0   8701.8     -2.8  3508.739
   9265.0   9262.6      2.4  3732.469
   110   A= 3.07586   B=  -99.27
   6040.0   6039.9      0.1  1995.931
   6143.8   6146.1     -2.3  2030.442
   6264.0   6261.4      2.6  2067.930
   6899.2   6901.3     -2.1  2275.990
   7137.0   7137.5     -0.5  2352.754
   7922.0   7917.4      4.6  2606.333
   8699.0   8701.0     -2.0  2861.076
   9265.0   9265.4     -0.4  3044.574
   111   A= 2.59937   B= -111.48
   6040.0   6036.6      3.4  2365.224
   6143.8   6139.4      4.4  2404.750
   6264.0   6266.7     -2.7  2453.749
   6899.2   6904.9     -5.7  2699.265
   7137.0   7139.9     -2.9  2789.656
   7922.0   7919.6      2.4  3089.607
   8699.0   8699.7     -0.7  3389.725
   9265.0   9263.3      1.7  3606.560
   112   A= 3.17556   B=  -91.23
   6040.0   6041.9     -1.9  1931.365
   6143.8   6137.1      6.7  1961.340
   6264.0   6264.3     -0.3  2001.397
   6899.2   6903.0     -3.8  2202.529
   7137.0   7141.4     -4.4  2277.586
   7922.0   7916.8      5.2  2521.750
   8699.0   8702.9     -3.9  2769.309
   9265.0   9262.5      2.5  2945.525
   113   A= 2.55164   B= -104.25
   6040.0   6035.9      4.1  2406.346
   6143.8   6149.4     -5.6  2450.846
   6264.0   6260.9      3.1  2494.545
   6899.2   6902.5     -3.3  2745.966
   7137.0   7138.9     -1.9  2838.631
   7922.0   7915.2      6.8  3142.865
   8699.0   8702.9     -3.9  3451.569
   9265.0   9264.2      0.8  3671.527
   114   A= 3.21475   B=  -90.57
   6040.0   6039.4      0.6  1906.831
   6143.8   6142.1      1.7  1938.766
   6264.0   6264.9     -0.9  1976.982
   6899.2   6904.0     -4.8  2175.769
   7137.0   7138.9     -1.9  2248.836
   7922.0   7913.1      8.9  2489.683
   8699.0   8701.1     -2.1  2734.783
   9265.0   9266.5     -1.5  2910.669
   115   A= 2.52855   B= -106.67
   6040.0   6043.0     -3.0  2432.110
   6143.8   6139.3      4.5  2470.182
   6264.0   6262.1      1.9  2518.754
   6899.2   6905.5     -6.3  2773.207
   7137.0   7138.3     -1.3  2865.267
   7922.0   7914.6      7.4  3172.286
   8699.0   8703.1     -4.1  3484.120
   9265.0   9264.1      0.9  3705.972
   116   A= 2.97012   B=  -75.81
   6040.0   6036.3      3.7  2057.857
   6143.8   6142.5      1.3  2093.627
   6264.0   6265.5     -1.5  2135.031
   6899.2   6903.7     -4.5  2349.901
   7137.0   7140.8     -3.8  2429.750
   7922.0   7916.5      5.5  2690.913
   8699.0   8699.3     -0.3  2954.465
   9265.0   9265.3     -0.3  3145.042
   117   A= 2.48216   B= -105.52
   6040.0   6040.8     -0.8  2476.205
   6143.8   6139.9      3.9  2516.140
   6264.0   6266.1     -2.1  2566.955
   6899.2   6900.2     -1.0  2822.421
   7137.0   7140.9     -3.9  2919.417
   7922.0   7914.2      7.8  3230.928
   8699.0   8704.8     -5.8  3549.456
   9265.0   9263.2      1.8  3774.408
   118   A= 3.09427   B=  -97.85
   6040.0   6038.2      1.8  1983.041
   6143.8   6147.1     -3.3  2018.244
   6264.0   6261.9      2.1  2055.324
   6899.2   6898.4      0.8  2261.043
   7137.0   7141.7     -4.7  2339.665
   7922.0   7916.4      5.6  2590.047
   8699.0   8701.1     -2.1  2843.623
   9265.0   9265.2     -0.2  3025.922
   119   A= 2.53903   B= -114.09
   6040.0   6037.1      2.9  2422.655
   6143.8   6146.8     -3.0  2465.865
   6264.0   6261.1      2.9  2510.885
   6899.2   6904.4     -5.2  2764.234
   7137.0   7138.6     -1.6  2856.487
   7922.0   7915.2      6.8  3162.333
   8699.0   8702.6     -3.6  3472.477
   9265.0   9264.1      0.9  3693.610
   120   A= 3.20679   B=  -98.12
   6040.0   6040.0      0.0  1914.098
   6143.8   6139.3      4.5  1945.062
   6264.0   6265.0     -1.0  1984.263
   6899.2   6903.6     -4.4  2183.403
   7137.0   7140.9     -3.9  2257.391
   7922.0   7915.7      6.3  2499.011
   8699.0   8700.9     -1.9  2743.881
   9265.0   9264.7      0.3  2919.671
   121   A= 2.54120   B= -107.61
   6040.0   6038.8      1.2  2418.723
   6143.8   6144.4     -0.6  2460.276
   6264.0   6260.9      3.1  2506.089
   6899.2   6899.9     -0.7  2757.580
   7137.0   7142.1     -5.1  2852.857
   7922.0   7920.8      1.2  3159.294
   8699.0   8699.7     -0.7  3465.823
   9265.0   9263.4      1.6  3687.633
   122   A= 3.20427   B=  -95.87
   6040.0   6037.8      2.2  1914.203
   6143.8   6140.6      3.2  1946.286
   6264.0   6268.2     -4.2  1986.125
   6899.2   6904.0     -4.8  2184.554
   7137.0   7138.8     -1.8  2257.805
   7922.0   7913.7      8.3  2499.642
   8699.0   8700.5     -1.5  2745.197
   9265.0   9266.5     -1.5  2921.846
   123   A= 2.61711   B= -111.07
   6040.0   6037.6      2.4  2349.433
   6143.8   6140.5      3.3  2388.750
   6264.0   6264.9     -0.9  2436.271
   6899.2   6905.8     -6.6  2681.154
   7137.0   7139.7     -2.7  2770.532
   7922.0   7915.0      7.0  3066.778
   8699.0   8704.7     -5.7  3368.532
   9265.0   9261.7      3.3  3581.338
   124   A= 3.08211   B=  -90.39
   6040.0   6040.0      0.0  1989.014
   6143.8   6139.0      4.8  2021.143
   6264.0   6265.4     -1.4  2062.151
   6899.2   6903.7     -4.5  2269.238
   7137.0   7141.1     -4.1  2346.264
   7922.0   7915.5      6.5  2597.533
   8699.0   8700.0     -1.0  2852.077
   9265.0   9265.4     -0.4  3035.516
   125   A= 2.60231   B= -105.24
   6040.0   6039.5      0.5  2361.265
   6143.8   6143.6      0.2  2401.250
   6264.0   6259.8      4.2  2445.927
   6899.2   6907.5     -8.3  2694.812
   7137.0   7137.3     -0.3  2783.128
   7922.0   7916.2      5.8  3082.435
   8699.0   8703.1     -4.1  3384.818
   9265.0   9262.9      2.1  3599.925
   126   A= 3.03818   B= -102.09
   6040.0   6039.2      0.8  2021.369
   6143.8   6143.9     -0.1  2055.818
   6264.0   6262.7      1.3  2094.949
   6899.2   6907.7     -8.5  2307.230
   7137.0   7135.1      1.9  2382.088
   7922.0   7912.6      9.4  2638.000
   8699.0   8704.0     -5.0  2898.480
   9265.0   9264.7      0.3  3083.034
   127   A= 2.57692   B=  -88.10
   6040.0   6041.3     -1.3  2378.576
   6143.8   6140.2      3.6  2416.978
   6264.0   6263.7      0.3  2464.882
   6899.2   6897.7      1.5  2710.933
   7137.0   7142.7     -5.7  2805.978
   7922.0   7920.2      1.8  3107.706
   8699.0   8702.0     -3.0  3411.104
   9265.0   9262.1      2.9  3628.457
   128   A= 3.27157   B=  -90.77
   6040.0   6037.0      3.0  1873.030
   6143.8   6144.8     -1.0  1906.000
   6264.0   6265.6     -1.6  1942.912
   6899.2   6900.6     -1.4  2137.000
   7137.0   7135.1      1.9  2208.700
   7922.0   7922.7     -0.7  2449.419
   8699.0   8701.8     -2.8  2687.556
   9265.0   9262.5      2.5  2858.941
C Tsn.197-213 05-07.12.2013, natYb+48Ca, BACK strips
              DATA EAB1/ 2.56129, 2.64143, 2.57288, 2.63209,
     2 2.54402, 2.64155, 2.54856, 2.57778, 2.54723, 2.57879, 2.64848,
     2 2.60364, 2.56587, 2.63301, 2.50285, 2.61295, 2.54330, 2.66696,
     2 2.65791, 2.57249, 2.53792, 2.57525, 2.56397, 2.64615, 2.62206,
     2 2.66507, 2.60489, 2.63613, 2.65538, 2.64192, 2.60077, 2.53404,
     2 2.67709, 2.63455, 2.54049, 2.68977,
     2 2.85174, 2.57344, 2.85195, 2.60307, 2.60846, 2.68484, 2.56929,
     2 2.62989, 2.53778, 2.61486, 2.54123, 2.61387, 2.55625, 2.63677,
     2 2.60267, 2.65735, 2.58321, 2.63286, 2.64612, 2.63257, 2.56785,
     2 2.68182, 2.56827, 2.59227, 2.59626, 2.60727, 2.53428, 2.60759,
     2 3.19878, 2.88008, 2.97163, 2.94368,
     2 3.01656, 3.00902, 3.34208, 2.91605, 3.05120, 2.89003, 3.03077,
     2 2.95464, 3.04719, 2.92203, 3.15167, 2.94363, 3.20280, 2.90945,
     2 2.98495, 2.95688, 2.99530, 2.90468, 3.26333, 2.92664, 3.22204,
     2 2.87706, 3.10890, 2.81105, 3.15569, 2.79403, 3.21428, 2.83658,
     2 2.51033, 3.25239, 2.53862, 2.96370,
     2 2.52889, 2.91969, 2.52240, 3.14762, 2.49657, 3.00652, 2.51303,
     2 3.04695, 2.50670, 3.07586, 2.59937, 3.17556, 2.55164, 3.21475,
     2 2.52855, 2.97012, 2.48216, 3.09427, 2.53903, 3.20679, 2.54120,
     2 3.20427, 2.61711, 3.08211, 2.60231, 3.03818, 2.57692, 3.27157/
              DATA EAB0/  -94.04,  -91.98,  -78.46, -109.15,
     2  -77.25,  -90.22,  -76.40,  -88.46,  -85.51,  -93.05,  -96.97,
     2 -111.48,  -88.83,  -96.62, -102.32, -104.95,  -83.51, -101.33,
     2  -94.15, -111.15,  -74.49,  -73.46,  -61.62,  -94.13,  -81.64,
     2 -110.46,  -86.69,  -98.57,  -79.59,  -99.26,  -80.68,  -90.96,
     2 -119.68, -119.07, -107.00, -114.01,
     2 -109.87, -118.44, -109.91, -121.74, -120.78, -123.02, -117.29,
     2 -121.30, -116.45, -118.08, -115.09, -116.20, -129.48, -120.33,
     2 -117.39, -122.73, -125.71, -114.80, -116.64, -105.37, -118.37,
     2 -124.86, -123.22, -115.79, -107.97, -118.97, -118.86, -119.57,
     2  -98.19,  -95.98, -116.04, -106.31,
     2 -369.18,  -94.65, -397.19, -101.76, -121.41, -106.98, -101.70,
     2 -104.44, -105.25,  -89.40, -104.15,  -84.93, -106.19, -107.85,
     2 -110.73, -106.95, -110.82, -106.76, -119.29, -102.91, -108.40,
     2 -102.21, -108.87, -103.65, -109.84, -103.69, -104.85, -100.78,
     2  -93.85,  -89.72, -100.04, -108.66,
     2  -76.20,  -71.91,  -97.55,  -88.21, -107.54, -105.37, -121.50,
     2  -82.94,  -93.56,  -99.27, -111.48,  -91.23, -104.25,  -90.57,
     2 -106.67,  -75.81, -105.52,  -97.85, -114.09,  -98.12, -107.61,
     2  -95.87, -111.07,  -90.39, -105.24, -102.09,  -88.10,  -90.77/

C Tsn.197-213 05-07.12.2013, natYb+48Ca, SIDE detectors
    2   A= 2.60134   B=  246.51
   6040.0   6039.9      0.1  2227.080
   6899.2   6905.8     -6.6  2559.968
   7137.0   7131.5      5.5  2646.727
   7922.0   7920.4      1.6  2949.975
   8699.0   8696.4      2.6  3248.273
   9265.0   9268.2     -3.2  3468.090
    3   A= 2.56725   B=  280.26
   6040.0   6040.4     -0.4  2243.699
   6264.0   6255.6      8.4  2327.540
   7137.0   7146.3     -9.3  2674.470
   7922.0   7921.1      0.9  2976.293
   8699.0   8709.1    -10.1  3283.216
   9265.0   9254.5     10.5  3495.675
    4   A= 2.63977   B=  313.99
   6264.0   6252.6     11.4  2249.671
   6899.2   6913.2    -14.0  2499.930
   7137.0   7142.8     -5.8  2586.903
   7922.0   7913.6      8.4  2878.893
   8699.0   8699.7     -0.7  3176.688
   9265.0   9264.3      0.7  3390.556
    5   A= 2.60375   B=  191.04
   6040.0   6044.1     -4.1  2247.915
   6264.0   6262.2      1.8  2331.694
   6899.2   6903.5     -4.3  2578.000
   7137.0   7133.5      3.5  2666.336
   7922.0   7909.7     12.3  2964.438
   8699.0   8710.3    -11.3  3271.910
   9265.0   9262.9      2.1  3484.157
    6   A= 2.55837   B=  263.32
   6040.0   6033.8      6.2  2255.523
   6264.0   6271.7     -7.7  2348.532
   6899.2   6900.7     -1.5  2594.363
   7137.0   7138.8     -1.8  2687.454
   7922.0   7914.1      7.9  2990.504
   8699.0   8699.4     -0.4  3297.448
   9265.0   9267.6     -2.6  3519.555
    7   A= 2.75184   B=  247.77
   6040.0   6021.1     18.9  2098.000
   6264.0   6268.8     -4.8  2188.000
   7137.0   7152.1    -15.1  2509.000
   7922.0   7936.4    -14.4  2794.000
   8699.0   8691.5      7.5  3068.387
   9265.0   9257.0      8.0  3273.888
C Tsn.197-213 05-07.12.2013, natYb+48Ca, SIDE detectors
        DATA EAS1/1.,2.60134,2.56725,2.63977,2.60375,2.55837,2.75184/
        DATA EAS0/0., 246.51, 280.26, 313.99, 191.04, 263.32, 247.77/
