2.5911  112.4098 
2.7187  126.7823 
2.7472  106.3241 
2.7171  118.9334 
2.6820  100.2811 
2.6758  104.9622 
2.7480  103.0712 
2.7247  100.6001 
2.7286  108.3787 
2.7658  103.0730 
2.9425  106.4490 
2.9382  116.1025 
2.6638  108.5732 
2.7420  65.8983 
2.6461  86.2599 
2.7068  113.1099 
2.6886  105.8800 
2.6690  94.2554 
2.7597  65.4430 
2.6485  89.1282 
2.6848  81.1987 
2.6958  85.4971 
2.7315  89.8707 
2.6974  89.7391 
2.6884  92.0944 
2.6971  95.5264 
2.6681  90.3625 
2.7328  92.9704 
2.7057  92.5168 
2.7406  57.9345 
3.3203  89.6245 
3.1666  90.7553 
2.7017  118.7663 
2.7911  113.0551 
2.6355  104.8557 
2.7811  115.7405 
2.7082  122.4941 
2.7795  109.6336 
2.8560  136.2698 
2.7284  121.6226 
2.6913  120.7063 
2.7029  103.5402 
2.7765  123.6705 
2.6732  103.5844 
2.6852  126.7015 
2.7043  71.6026 
2.7497  93.6024 
