
1    A = 6.22200 ; B = -82.0
 Eexp   Ecal      Differ  Channel 
6040.0  6040.5    0.5    984.0 
6143.8  6140.0    -3.8    1000.0 
6264.0  6264.5    0.5    1020.0 
6899.2  6899.1    -0.1    1122.0 
7137.0  7141.8    4.8    1161.0 
7922.0  7919.5    -2.5    1286.0 
8699.0  8703.5    4.5    1412.0 
9261.0  9257.2    -3.8    1501.0 

2    A = 6.40487 ; B = -92.3
 Eexp   Ecal      Differ  Channel 
6040.0  6043.6    3.6    958.0 
6143.8  6139.7    -4.1    973.0 
6264.0  6261.4    -2.6    992.0 
6899.2  6901.9    2.7    1092.0 
7137.0  7138.8    1.8    1129.0 
7922.0  7920.2    -1.8    1251.0 
8699.0  8701.6    2.6    1373.0 
9261.0  9258.8    -2.2    1460.0 

3    A = 6.25569 ; B = -55.5
 Eexp   Ecal      Differ  Channel 
6040.0  6043.8    3.8    975.0 
6143.8  6131.4    -12.4    989.0 
6264.0  6262.8    -1.2    1010.0 
6899.2  6900.9    1.7    1112.0 
7137.0  7151.1    14.1    1152.0 
7922.0  7920.5    -1.5    1275.0 
8699.0  8696.2    -2.8    1399.0 
9261.0  9259.3    -1.7    1489.0 

4    A = 6.34744 ; B = -63.3
 Eexp   Ecal      Differ  Channel 
6040.0  6042.9    2.9    962.0 
6143.8  6138.1    -5.7    977.0 
6264.0  6271.4    7.4    998.0 
6899.2  6899.8    0.6    1097.0 
7137.0  7134.7    -2.3    1134.0 
7922.0  7915.4    -6.6    1257.0 
8699.0  8696.2    -2.8    1380.0 
9261.0  9267.4    6.4    1470.0 

5    A = 6.15915 ; B = -50.6
 Eexp   Ecal      Differ  Channel 
6040.0  6040.8    0.8    989.0 
6143.8  6139.4    -4.4    1005.0 
6264.0  6262.6    -1.4    1025.0 
6899.2  6903.1    3.9    1129.0 
7137.0  7143.3    6.3    1168.0 
7922.0  7913.2    -8.8    1293.0 
8699.0  8707.7    8.7    1422.0 
9261.0  9255.9    -5.1    1511.0 

6    A = 6.42127 ; B = -107.2
 Eexp   Ecal      Differ  Channel 
6040.0  6038.0    -2.0    957.0 
6143.8  6140.7    -3.1    973.0 
6264.0  6262.7    -1.3    992.0 
6899.2  6904.9    5.7    1092.0 
7137.0  7142.4    5.4    1129.0 
7922.0  7919.4    -2.6    1250.0 
8699.0  8696.4    -2.6    1371.0 
9261.0  9261.5    0.5    1459.0 

7    A = 6.22545 ; B = -76.0
 Eexp   Ecal      Differ  Channel 
6040.0  6037.4    -2.6    982.0 
6143.8  6143.3    -0.5    999.0 
6264.0  6261.5    -2.5    1018.0 
6899.2  6902.8    3.6    1121.0 
7137.0  7139.3    2.3    1159.0 
7922.0  7923.7    1.7    1285.0 
8699.0  8701.9    2.9    1410.0 
9261.0  9256.0    -5.0    1499.0 

8    A = 6.25157 ; B = -96.0
 Eexp   Ecal      Differ  Channel 
6040.0  6036.8    -3.2    981.0 
6143.8  6143.1    -0.7    998.0 
6264.0  6261.9    -2.1    1017.0 
6899.2  6899.6    0.4    1119.0 
7137.0  7143.4    6.4    1158.0 
7922.0  7924.8    2.8    1283.0 
8699.0  8700.0    1.0    1407.0 
9261.0  9256.4    -4.6    1496.0 

9    A = 6.21290 ; B = -81.3
 Eexp   Ecal      Differ  Channel 
6040.0  6038.4    -1.6    985.0 
6143.8  6144.0    0.2    1002.0 
6264.0  6262.1    -1.9    1021.0 
6899.2  6902.0    2.8    1124.0 
7137.0  7138.1    1.1    1162.0 
7922.0  7920.9    -1.1    1288.0 
8699.0  8703.7    4.7    1414.0 
9261.0  9256.7    -4.3    1503.0 

10    A = 6.25769 ; B = -83.6
 Eexp   Ecal      Differ  Channel 
6040.0  6036.4    -3.6    978.0 
6143.8  6149.0    5.2    996.0 
6264.0  6261.7    -2.3    1014.0 
6899.2  6900.0    0.8    1116.0 
7137.0  7137.7    0.7    1154.0 
7922.0  7920.0    -2.0    1279.0 
8699.0  8702.2    3.2    1404.0 
9261.0  9259.1    -1.9    1493.0 

11    A = 6.43615 ; B = -72.0
 Eexp   Ecal      Differ  Channel 
6040.0  6035.9    -4.1    949.0 
6143.8  6145.3    1.5    966.0 
6264.0  6261.1    -2.9    984.0 
6899.2  6904.8    5.6    1084.0 
7137.0  7142.9    5.9    1121.0 
7922.0  7915.2    -6.8    1241.0 
8699.0  8700.4    1.4    1363.0 
9261.0  9260.4    -0.6    1450.0 

12    A = 6.29857 ; B = -85.4
 Eexp   Ecal      Differ  Channel 
6040.0  6043.1    3.1    973.0 
6143.8  6137.6    -6.2    988.0 
6264.0  6263.6    -0.4    1008.0 
6899.2  6906.0    6.8    1110.0 
7137.0  7139.1    2.1    1147.0 
7922.0  7913.8    -8.2    1270.0 
8699.0  8701.1    2.1    1395.0 
9261.0  9261.7    0.7    1484.0 

13    A = 6.23711 ; B = -71.8
 Eexp   Ecal      Differ  Channel 
6040.0  6040.5    0.5    980.0 
6143.8  6140.3    -3.5    996.0 
6264.0  6265.1    1.1    1016.0 
6899.2  6901.3    2.1    1118.0 
7137.0  7144.5    7.5    1157.0 
7922.0  7911.7    -10.3    1280.0 
8699.0  8697.5    -1.5    1406.0 
9261.0  9265.1    4.1    1497.0 

14    A = 6.39369 ; B = -86.6
 Eexp   Ecal      Differ  Channel 
6040.0  6038.6    -1.4    958.0 
6143.8  6140.9    -2.9    974.0 
6264.0  6262.4    -1.6    993.0 
6899.2  6908.1    8.9    1094.0 
7137.0  7138.3    1.3    1130.0 
7922.0  7918.3    -3.7    1252.0 
8699.0  8698.4    -0.6    1374.0 
9261.0  9261.0    0.0    1462.0 

15    A = 6.06890 ; B = -73.4
 Eexp   Ecal      Differ  Channel 
6040.0  6038.0    -2.0    1007.0 
6143.8  6141.1    -2.7    1024.0 
6264.0  6262.5    -1.5    1044.0 
6899.2  6899.8    0.6    1149.0 
7137.0  7142.5    5.5    1189.0 
7922.0  7925.4    3.4    1318.0 
8699.0  8702.2    3.2    1446.0 
9261.0  9254.5    -6.5    1537.0 

16    A = 6.34772 ; B = -93.8
 Eexp   Ecal      Differ  Channel 
6040.0  6044.5    4.5    967.0 
6143.8  6139.7    -4.1    982.0 
6264.0  6260.3    -3.7    1001.0 
6899.2  6901.4    2.2    1102.0 
7137.0  7142.6    5.6    1140.0 
7922.0  7917.0    -5.0    1262.0 
8699.0  8697.8    -1.2    1385.0 
9261.0  9262.7    1.7    1474.0 

17    A = 6.20915 ; B = -93.1
 Eexp   Ecal      Differ  Channel 
6040.0  6035.3    -4.7    987.0 
6143.8  6140.8    -3.0    1004.0 
6264.0  6265.0    1.0    1024.0 
6899.2  6904.6    5.4    1127.0 
7137.0  7140.5    3.5    1165.0 
7922.0  7922.9    0.9    1291.0 
8699.0  8699.0    0.0    1416.0 
9261.0  9257.8    -3.2    1506.0 

18    A = 6.46391 ; B = -78.8
 Eexp   Ecal      Differ  Channel 
6040.0  6042.6    2.6    947.0 
6143.8  6139.5    -4.3    962.0 
6264.0  6262.3    -1.7    981.0 
6899.2  6902.3    3.1    1080.0 
7137.0  7141.4    4.4    1117.0 
7922.0  7917.1    -4.9    1237.0 
8699.0  8699.2    0.2    1358.0 
9261.0  9261.6    0.6    1445.0 

19    A = 6.45665 ; B = -55.1
 Eexp   Ecal      Differ  Channel 
6040.0  6039.9    -0.1    944.0 
6143.8  6136.8    -7.0    959.0 
6264.0  6265.9    1.9    979.0 
6899.2  6905.1    5.9    1078.0 
7137.0  7144.0    7.0    1115.0 
7922.0  7912.4    -9.6    1234.0 
8699.0  8700.1    1.1    1356.0 
9261.0  9261.8    0.8    1443.0 

20    A = 6.21875 ; B = -109.2
 Eexp   Ecal      Differ  Channel 
6040.0  6034.9    -5.1    988.0 
6143.8  6140.6    -3.2    1005.0 
6264.0  6265.0    1.0    1025.0 
6899.2  6905.5    6.3    1128.0 
7137.0  7141.8    4.8    1166.0 
7922.0  7919.2    -2.8    1291.0 
8699.0  8702.7    3.7    1417.0 
9261.0  9256.2    -4.8    1506.0 

21    A = 6.15552 ; B = -46.2
 Eexp   Ecal      Differ  Channel 
6040.0  6041.6    1.6    989.0 
6143.8  6133.9    -9.9    1004.0 
6264.0  6263.2    -0.8    1025.0 
6899.2  6903.3    4.1    1129.0 
7137.0  7143.4    6.4    1168.0 
7922.0  7925.2    3.2    1295.0 
8699.0  8700.7    1.7    1421.0 
9261.0  9254.7    -6.3    1511.0 

22    A = 6.24950 ; B = -73.2
 Eexp   Ecal      Differ  Channel 
6040.0  6045.1    5.1    979.0 
6143.8  6138.8    -5.0    994.0 
6264.0  6263.8    -0.2    1014.0 
6899.2  6907.5    8.3    1117.0 
7137.0  7132.5    -4.5    1153.0 
7922.0  7913.7    -8.3    1278.0 
8699.0  8701.1    2.1    1404.0 
9261.0  9263.6    2.6    1494.0 

23    A = 6.24040 ; B = -47.6
 Eexp   Ecal      Differ  Channel 
6040.0  6036.7    -3.3    975.0 
6143.8  6142.8    -1.0    992.0 
6264.0  6261.4    -2.6    1011.0 
6899.2  6904.2    5.0    1114.0 
7137.0  7141.3    4.3    1152.0 
7922.0  7921.3    -0.7    1277.0 
8699.0  8701.4    2.4    1402.0 
9261.0  9256.8    -4.2    1491.0 

24    A = 6.40846 ; B = -82.0
 Eexp   Ecal      Differ  Channel 
6040.0  6038.1    -1.9    955.0 
6143.8  6147.0    3.2    972.0 
6264.0  6262.4    -1.6    990.0 
6899.2  6896.8    -2.4    1089.0 
7137.0  7140.3    3.3    1127.0 
7922.0  7922.2    0.2    1249.0 
8699.0  8697.6    -1.4    1370.0 
9261.0  9261.5    0.5    1458.0 

25    A = 6.37587 ; B = -75.6
 Eexp   Ecal      Differ  Channel 
6040.0  6045.3    5.3    960.0 
6143.8  6140.9    -2.9    975.0 
6264.0  6262.1    -1.9    994.0 
6899.2  6899.6    0.4    1094.0 
7137.0  7135.6    -1.4    1131.0 
7922.0  7919.8    -2.2    1254.0 
8699.0  8704.0    5.0    1377.0 
9261.0  9258.7    -2.3    1464.0 

26    A = 6.47839 ; B = -109.1
 Eexp   Ecal      Differ  Channel 
6040.0  6038.9    -1.1    949.0 
6143.8  6142.6    -1.2    965.0 
6264.0  6265.7    1.7    984.0 
6899.2  6900.6    1.4    1082.0 
7137.0  7140.3    3.3    1119.0 
7922.0  7917.7    -4.3    1239.0 
8699.0  8695.1    -3.9    1359.0 
9261.0  9265.2    4.2    1447.0 

27    A = 6.34718 ; B = -75.7
 Eexp   Ecal      Differ  Channel 
6040.0  6043.0    3.0    964.0 
6143.8  6138.2    -5.6    979.0 
6264.0  6265.1    1.1    999.0 
6899.2  6906.2    7.0    1100.0 
7137.0  7134.7    -2.3    1136.0 
7922.0  7915.4    -6.6    1259.0 
8699.0  8702.4    3.4    1383.0 
9261.0  9261.0    -0.0    1471.0 

28    A = 6.41166 ; B = -96.9
 Eexp   Ecal      Differ  Channel 
6040.0  6039.1    -0.9    957.0 
6143.8  6135.2    -8.6    972.0 
6264.0  6263.5    -0.5    992.0 
6899.2  6904.6    5.4    1092.0 
7137.0  7148.3    11.3    1130.0 
7922.0  7917.7    -4.3    1250.0 
8699.0  8699.9    0.9    1372.0 
9261.0  9257.7    -3.3    1459.0 

29    A = 6.47083 ; B = -83.4
 Eexp   Ecal      Differ  Channel 
6040.0  6038.0    -2.0    946.0 
6143.8  6141.5    -2.3    962.0 
6264.0  6264.5    0.5    981.0 
6899.2  6898.6    -0.6    1079.0 
7137.0  7144.5    7.5    1117.0 
7922.0  7921.0    -1.0    1237.0 
8699.0  8697.5    -1.5    1357.0 
9261.0  9260.5    -0.5    1444.0 

30    A = 6.41536 ; B = -91.5
 Eexp   Ecal      Differ  Channel 
6040.0  6048.0    8.0    957.0 
6143.8  6137.8    -6.0    971.0 
6264.0  6259.7    -4.3    990.0 
6899.2  6901.2    2.0    1090.0 
7137.0  7138.6    1.6    1127.0 
7922.0  7921.2    -0.8    1249.0 
8699.0  8697.5    -1.5    1370.0 
9261.0  9262.1    1.1    1458.0 

31    A = 6.29586 ; B = -35.0
 Eexp   Ecal      Differ  Channel 
6040.0  6040.5    0.5    965.0 
6143.8  6141.2    -2.6    981.0 
6264.0  6260.9    -3.1    1000.0 
6899.2  6903.0    3.8    1102.0 
7137.0  7142.3    5.3    1140.0 
7922.0  7916.7    -5.3    1263.0 
8699.0  8703.7    4.7    1388.0 
9261.0  9257.7    -3.3    1476.0 

32    A = 6.15491 ; B = -89.4
 Eexp   Ecal      Differ  Channel 
6040.0  6040.9    0.9    996.0 
6143.8  6139.4    -4.4    1012.0 
6264.0  6262.5    -1.5    1032.0 
6899.2  6902.6    3.4    1136.0 
7137.0  7142.6    5.6    1175.0 
7922.0  7918.2    -3.8    1301.0 
8699.0  8699.8    0.8    1428.0 
9261.0  9259.9    -1.1    1519.0 

33    A = 8.73048 ; B = -92.4
 Eexp   Ecal      Differ  Channel 
6040.0  6045.1    5.1    703.0 
6143.8  6132.4    -11.4    713.0 
6264.0  6263.4    -0.6    728.0 
6899.2  6900.7    1.5    801.0 
7137.0  7145.1    8.1    829.0 
7922.0  7922.2    0.2    918.0 
8699.0  8699.2    0.2    1007.0 
9261.0  9257.9    -3.1    1071.0 

34    A = 8.58831 ; B = -94.5
 Eexp   Ecal      Differ  Channel 
6040.0  6037.6    -2.4    714.0 
6143.8  6140.6    -3.2    726.0 
6264.0  6260.9    -3.1    740.0 
6899.2  6905.0    5.8    815.0 
7137.0  7145.5    8.5    843.0 
7922.0  7918.4    -3.6    933.0 
8699.0  8699.9    0.9    1024.0 
9261.0  9258.2    -2.8    1089.0 

35    A = 8.29990 ; B = -71.5
 Eexp   Ecal      Differ  Channel 
6040.0  6037.3    -2.7    736.0 
6143.8  6145.2    1.4    749.0 
6264.0  6261.4    -2.6    763.0 
6899.2  6900.5    1.3    840.0 
7137.0  7141.2    4.2    869.0 
7922.0  7921.4    -0.6    963.0 
8699.0  8701.5    2.5    1057.0 
9261.0  9257.6    -3.4    1124.0 

36    A = 8.85224 ; B = -103.6
 Eexp   Ecal      Differ  Channel 
6040.0  6039.8    -0.2    694.0 
6143.8  6137.2    -6.6    705.0 
6264.0  6261.1    -2.9    719.0 
6899.2  6907.4    8.2    792.0 
7137.0  7146.4    9.4    819.0 
7922.0  7916.5    -5.5    906.0 
8699.0  8695.5    -3.5    994.0 
9261.0  9262.1    1.1    1058.0 

37    A = 8.69084 ; B = -70.8
 Eexp   Ecal      Differ  Channel 
6040.0  6038.8    -1.2    703.0 
6143.8  6143.1    -0.7    715.0 
6264.0  6264.8    0.8    729.0 
6899.2  6899.2    0.0    802.0 
7137.0  7142.6    5.6    830.0 
7922.0  7916.1    -5.9    919.0 
8699.0  8698.2    -0.8    1009.0 
9261.0  9263.1    2.1    1074.0 

38    A = 8.36762 ; B = -109.6
 Eexp   Ecal      Differ  Channel 
6040.0  6040.6    0.6    735.0 
6143.8  6141.0    -2.8    747.0 
6264.0  6266.5    2.5    762.0 
6899.2  6902.5    3.3    838.0 
7137.0  7136.8    -0.2    866.0 
7922.0  7915.0    -7.0    959.0 
8699.0  8701.5    2.5    1053.0 
9261.0  9262.1    1.1    1120.0 

39    A = 8.59827 ; B = -59.0
 Eexp   Ecal      Differ  Channel 
6040.0  6037.2    -2.8    709.0 
6143.8  6140.4    -3.4    721.0 
6264.0  6260.7    -3.3    735.0 
6899.2  6905.6    6.4    810.0 
7137.0  7146.4    9.4    838.0 
7922.0  7920.2    -1.8    928.0 
8699.0  8694.0    -5.0    1018.0 
9261.0  9261.5    0.5    1084.0 

40    A = 8.46806 ; B = -111.7
 Eexp   Ecal      Differ  Channel 
6040.0  6036.1    -3.9    726.0 
6143.8  6137.7    -6.1    738.0 
6264.0  6264.8    0.8    753.0 
6899.2  6908.3    9.1    829.0 
7137.0  7145.4    8.4    857.0 
7922.0  7916.0    -6.0    948.0 
8699.0  8695.1    -3.9    1040.0 
9261.0  9262.5    1.5    1107.0 

41    A = 8.51712 ; B = -90.7
 Eexp   Ecal      Differ  Channel 
6040.0  6041.6    1.6    720.0 
6143.8  6135.3    -8.5    731.0 
6264.0  6263.0    -1.0    746.0 
6899.2  6910.4    11.2    822.0 
7137.0  7140.3    3.3    849.0 
7922.0  7915.4    -6.6    940.0 
8699.0  8698.9    -0.1    1032.0 
9261.0  9261.1    0.1    1098.0 

42    A = 8.66474 ; B = -87.7
 Eexp   Ecal      Differ  Channel 
6040.0  6038.3    -1.7    707.0 
6143.8  6142.3    -1.5    719.0 
6264.0  6263.6    -0.4    733.0 
6899.2  6904.8    5.6    807.0 
7137.0  7138.7    1.7    834.0 
7922.0  7918.5    -3.5    924.0 
8699.0  8698.4    -0.6    1014.0 
9261.0  9261.6    0.6    1079.0 

43    A = 8.39445 ; B = -93.5
 Eexp   Ecal      Differ  Channel 
6040.0  6042.9    2.9    731.0 
6143.8  6143.6    -0.2    743.0 
6264.0  6261.1    -2.9    757.0 
6899.2  6899.1    -0.1    833.0 
7137.0  7142.6    5.6    862.0 
7922.0  7914.8    -7.2    954.0 
8699.0  8695.5    -3.5    1047.0 
9261.0  9266.3    5.3    1115.0 

44    A = 8.53634 ; B = -89.3
 Eexp   Ecal      Differ  Channel 
6040.0  6039.8    -0.2    718.0 
6143.8  6142.3    -1.5    730.0 
6264.0  6261.8    -2.2    744.0 
6899.2  6902.0    2.8    819.0 
7137.0  7141.0    4.0    847.0 
7922.0  7917.8    -4.2    938.0 
8699.0  8703.2    4.2    1030.0 
9261.0  9258.0    -3.0    1095.0 

45    A = 8.28689 ; B = -94.1
 Eexp   Ecal      Differ  Channel 
6040.0  6038.2    -1.8    740.0 
6143.8  6145.9    2.1    753.0 
6264.0  6262.0    -2.0    767.0 
6899.2  6900.1    0.9    844.0 
7137.0  7140.4    3.4    873.0 
7922.0  7919.3    -2.7    967.0 
8699.0  8698.3    -0.7    1061.0 
9261.0  9261.8    0.8    1129.0 

46    A = 8.52629 ; B = -83.8
 Eexp   Ecal      Differ  Channel 
6040.0  6038.1    -1.9    718.0 
6143.8  6140.4    -3.4    730.0 
6264.0  6259.8    -4.2    744.0 
6899.2  6907.8    8.6    820.0 
7137.0  7146.5    9.5    848.0 
7922.0  7913.9    -8.1    938.0 
8699.0  8698.3    -0.7    1030.0 
9261.0  9261.1    0.1    1096.0 

47    A = 8.30568 ; B = -81.8
 Eexp   Ecal      Differ  Channel 
6040.0  6039.5    -0.5    737.0 
6143.8  6139.2    -4.6    749.0 
6264.0  6263.8    -0.2    764.0 
6899.2  6903.3    4.1    841.0 
7137.0  7144.2    7.2    870.0 
7922.0  7916.6    -5.4    963.0 
8699.0  8697.3    -1.7    1057.0 
9261.0  9262.1    1.1    1125.0 

48    A = 8.53354 ; B = -99.6
 Eexp   Ecal      Differ  Channel 
6040.0  6036.0    -4.0    719.0 
6143.8  6138.4    -5.4    731.0 
6264.0  6266.4    2.4    746.0 
6899.2  6906.4    7.2    821.0 
7137.0  7145.3    8.3    849.0 
7922.0  7913.4    -8.6    939.0 
8699.0  8698.5    -0.5    1031.0 
9261.0  9261.7    0.7    1097.0 

49    A = 8.34156 ; B = -134.5
 Eexp   Ecal      Differ  Channel 
6040.0  6038.3    -1.7    740.0 
6143.8  6138.4    -5.4    752.0 
6264.0  6263.5    -0.5    767.0 
6899.2  6905.8    6.6    844.0 
7137.0  7147.7    10.7    873.0 
7922.0  7915.1    -6.9    965.0 
8699.0  8690.9    -8.1    1058.0 
9261.0  9266.4    5.4    1127.0 

50    A = 8.54623 ; B = -105.3
 Eexp   Ecal      Differ  Channel 
6040.0  6039.5    -0.5    719.0 
6143.8  6142.0    -1.8    731.0 
6264.0  6261.7    -2.3    745.0 
6899.2  6902.6    3.4    820.0 
7137.0  7141.9    4.9    848.0 
7922.0  7919.6    -2.4    939.0 
8699.0  8697.3    -1.7    1030.0 
9261.0  9261.4    0.4    1096.0 

51    A = 8.42984 ; B = -78.3
 Eexp   Ecal      Differ  Channel 
6040.0  6041.8    1.8    726.0 
6143.8  6143.0    -0.8    738.0 
6264.0  6261.0    -3.0    752.0 
6899.2  6901.7    2.5    828.0 
7137.0  7137.7    0.7    856.0 
7922.0  7921.7    -0.3    949.0 
8699.0  8697.2    -1.8    1041.0 
9261.0  9262.0    1.0    1108.0 

52    A = 8.64248 ; B = -107.6
 Eexp   Ecal      Differ  Channel 
6040.0  6037.2    -2.8    711.0 
6143.8  6140.9    -2.9    723.0 
6264.0  6261.9    -2.1    737.0 
6899.2  6901.4    2.2    811.0 
7137.0  7152.1    15.1    840.0 
7922.0  7912.6    -9.4    928.0 
8699.0  8699.1    0.1    1019.0 
9261.0  9260.8    -0.2    1084.0 

53    A = 8.39145 ; B = -96.1
 Eexp   Ecal      Differ  Channel 
6040.0  6038.1    -1.9    731.0 
6143.8  6138.8    -5.0    743.0 
6264.0  6264.7    0.7    758.0 
6899.2  6902.4    3.2    834.0 
7137.0  7145.8    8.8    863.0 
7922.0  7917.8    -4.2    955.0 
8699.0  8698.2    -0.8    1048.0 
9261.0  9260.4    -0.6    1115.0 

54    A = 8.57812 ; B = -97.5
 Eexp   Ecal      Differ  Channel 
6040.0  6035.8    -4.2    715.0 
6143.8  6147.4    3.6    728.0 
6264.0  6258.9    -5.1    741.0 
6899.2  6902.2    3.0    816.0 
7137.0  7142.4    5.4    844.0 
7922.0  7923.0    1.0    935.0 
8699.0  8695.1    -3.9    1025.0 
9261.0  9261.2    0.2    1091.0 

55    A = 8.65723 ; B = -97.5
 Eexp   Ecal      Differ  Channel 
6040.0  6040.5    0.5    709.0 
6143.8  6144.3    0.5    721.0 
6264.0  6256.9    -7.1    734.0 
6899.2  6906.2    7.0    809.0 
7137.0  7139.9    2.9    836.0 
7922.0  7919.1    -2.9    926.0 
8699.0  8698.2    -0.8    1016.0 
9261.0  9260.9    -0.1    1081.0 

56    A = 8.54623 ; B = -71.1
 Eexp   Ecal      Differ  Channel 
6040.0  6039.5    -0.5    715.0 
6143.8  6142.0    -1.8    727.0 
6264.0  6261.7    -2.3    741.0 
6899.2  6902.6    3.4    816.0 
7137.0  7141.9    4.9    844.0 
7922.0  7919.6    -2.4    935.0 
8699.0  8697.3    -1.7    1026.0 
9261.0  9261.4    0.4    1092.0 

57    A = 8.35385 ; B = -93.2
 Eexp   Ecal      Differ  Channel 
6040.0  6038.5    -1.5    734.0 
6143.8  6138.7    -5.1    746.0 
6264.0  6264.0    0.0    761.0 
6899.2  6907.3    8.1    838.0 
7137.0  7141.2    4.2    866.0 
7922.0  7918.1    -3.9    959.0 
8699.0  8695.0    -4.0    1052.0 
9261.0  9263.1    2.1    1120.0 

58    A = 8.75287 ; B = -100.4
 Eexp   Ecal      Differ  Channel 
6040.0  6044.1    4.1    702.0 
6143.8  6140.4    -3.4    713.0 
6264.0  6262.9    -1.1    727.0 
6899.2  6901.9    2.7    800.0 
7137.0  7138.2    1.2    827.0 
7922.0  7917.2    -4.8    916.0 
8699.0  8696.2    -2.8    1005.0 
9261.0  9265.1    4.1    1070.0 

59    A = 8.34902 ; B = -84.8
 Eexp   Ecal      Differ  Channel 
6040.0  6035.0    -5.0    733.0 
6143.8  6143.6    -0.2    746.0 
6264.0  6260.5    -3.5    760.0 
6899.2  6903.3    4.1    837.0 
7137.0  7145.5    8.5    866.0 
7922.0  7921.9    -0.1    959.0 
8699.0  8698.4    -0.6    1052.0 
9261.0  9257.8    -3.2    1119.0 

60    A = 8.47083 ; B = -84.5
 Eexp   Ecal      Differ  Channel 
6040.0  6039.9    -0.1    723.0 
6143.8  6141.6    -2.2    735.0 
6264.0  6260.2    -3.8    749.0 
6899.2  6904.0    4.8    825.0 
7137.0  7141.2    4.2    853.0 
7922.0  7920.5    -1.5    945.0 
8699.0  8699.8    0.8    1037.0 
9261.0  9258.9    -2.1    1103.0 

61    A = 8.50135 ; B = -76.0
 Eexp   Ecal      Differ  Channel 
6040.0  6036.5    -3.5    719.0 
6143.8  6138.5    -5.3    731.0 
6264.0  6266.0    2.0    746.0 
6899.2  6903.6    4.4    821.0 
7137.0  7141.7    4.7    849.0 
7922.0  7923.8    1.8    941.0 
8699.0  8697.4    -1.6    1032.0 
9261.0  9258.5    -2.5    1098.0 

62    A = 8.46539 ; B = -99.8
 Eexp   Ecal      Differ  Channel 
6040.0  6037.6    -2.4    725.0 
6143.8  6139.2    -4.6    737.0 
6264.0  6266.1    2.1    752.0 
6899.2  6901.1    1.9    827.0 
7137.0  7146.5    9.5    856.0 
7922.0  7916.9    -5.1    947.0 
8699.0  8695.7    -3.3    1039.0 
9261.0  9262.9    1.9    1106.0 

63    A = 8.32811 ; B = -83.0
 Eexp   Ecal      Differ  Channel 
6040.0  6038.2    -1.8    735.0 
6143.8  6138.1    -5.7    747.0 
6264.0  6263.1    -0.9    762.0 
6899.2  6904.3    5.1    839.0 
7137.0  7145.8    8.8    868.0 
7922.0  7920.4    -1.6    961.0 
8699.0  8694.9    -4.1    1054.0 
9261.0  9261.2    0.2    1122.0 

64    A = 8.45412 ; B = -110.1
 Eexp   Ecal      Differ  Channel 
6040.0  6036.1    -3.9    727.0 
6143.8  6137.5    -6.3    739.0 
6264.0  6264.3    0.3    754.0 
6899.2  6906.9    7.7    830.0 
7137.0  7143.6    6.6    858.0 
7922.0  7921.4    -0.6    950.0 
8699.0  8699.1    0.1    1042.0 
9261.0  9257.1    -3.9    1108.0 

65    A = 6.17875 ; B = -72.4
 Eexp   Ecal      Differ  Channel 
6040.0  6044.6    4.6    990.0 
6143.8  6137.2    -6.6    1005.0 
6264.0  6267.0    3.0    1026.0 
6899.2  6897.2    -2.0    1128.0 
7137.0  7138.2    1.2    1167.0 
7922.0  7922.9    0.9    1294.0 
8699.0  8695.2    -3.8    1419.0 
9261.0  9263.7    2.7    1511.0 

66    A = 6.39924 ; B = -94.6
 Eexp   Ecal      Differ  Channel 
6040.0  6042.3    2.3    959.0 
6143.8  6138.3    -5.5    974.0 
6264.0  6259.9    -4.1    993.0 
6899.2  6906.2    7.0    1094.0 
7137.0  7143.0    6.0    1131.0 
7922.0  7917.3    -4.7    1252.0 
8699.0  8698.0    -1.0    1374.0 
9261.0  9261.1    0.1    1462.0 

67    A = 6.13180 ; B = -110.7
 Eexp   Ecal      Differ  Channel 
6040.0  6039.5    -0.5    1003.0 
6143.8  6137.6    -6.2    1019.0 
6264.0  6266.4    2.4    1040.0 
6899.2  6904.1    4.9    1144.0 
7137.0  7143.2    6.2    1183.0 
7922.0  7915.8    -6.2    1309.0 
8699.0  8694.6    -4.4    1436.0 
9261.0  9264.8    3.8    1529.0 

68    A = 6.27706 ; B = -108.8
 Eexp   Ecal      Differ  Channel 
6040.0  6036.4    -3.6    979.0 
6143.8  6136.8    -7.0    995.0 
6264.0  6268.7    4.7    1016.0 
6899.2  6908.9    9.7    1118.0 
7137.0  7141.2    4.2    1155.0 
7922.0  7913.3    -8.7    1278.0 
8699.0  8697.9    -1.1    1403.0 
9261.0  9262.8    1.8    1493.0 

69   A = 6.20839 ;  B =  -20.83
 Eexp   Ecal      Differ  Channel
6040.0   6038.6      1.4   976.000
6143.8   6150.3     -6.5   994.000
6264.0   6262.1      1.9  1012.000
6899.2   6895.3      3.9  1114.000
7137.0   7137.4     -0.4  1153.000
7922.0   7919.7      2.3  1279.000
8699.0   8701.9     -2.9  1405.000
9261.0   9260.7      0.3  1495.000

70    A = 6.22080 ; B = -80.6
 Eexp   Ecal      Differ  Channel 
6040.0  6040.7    0.7    984.0 
6143.8  6140.2    -3.6    1000.0 
6264.0  6264.7    0.7    1020.0 
6899.2  6905.4    6.2    1123.0 
7137.0  7135.6    -1.4    1160.0 
7922.0  7919.4    -2.6    1286.0 
8699.0  8697.0    -2.0    1411.0 
9261.0  9263.1    2.1    1502.0 

71    A = 6.44669 ; B = -382.3
 Eexp   Ecal      Differ  Channel 
6040.0  6032.2    -7.8    995.0 
6143.8  6141.8    -2.0    1012.0 
6264.0  6257.8    -6.2    1030.0 
6899.2  6908.9    9.7    1131.0 
7137.0  7147.5    10.5    1168.0 
7922.0  7927.5    5.5    1289.0 
8699.0  8694.7    -4.3    1408.0 
9261.0  9255.5    -5.5    1495.0 

72    A = 6.33588 ; B = -89.5
 Eexp   Ecal      Differ  Channel 
6040.0  6037.3    -2.7    967.0 
6143.8  6145.0    1.2    984.0 
6264.0  6265.4    1.4    1003.0 
6899.2  6899.0    -0.2    1103.0 
7137.0  7139.7    2.7    1141.0 
7922.0  7919.0    -3.0    1264.0 
8699.0  8698.4    -0.6    1387.0 
9261.0  9262.2    1.2    1476.0 

73    A = 6.22923 ; B = -120.1
 Eexp   Ecal      Differ  Channel 
6040.0  6034.3    -5.7    988.0 
6143.8  6140.2    -3.6    1005.0 
6264.0  6264.8    0.8    1025.0 
6899.2  6906.4    7.2    1128.0 
7137.0  7143.1    6.1    1166.0 
7922.0  7921.8    -0.2    1291.0 
8699.0  8694.2    -4.8    1415.0 
9261.0  9261.1    0.1    1506.0 

74    A = 6.26597 ; B = -92.6
 Eexp   Ecal      Differ  Channel 
6040.0  6035.5    -4.5    978.0 
6143.8  6142.0    -1.8    995.0 
6264.0  6261.1    -2.9    1014.0 
6899.2  6906.5    7.3    1117.0 
7137.0  7144.6    7.6    1155.0 
7922.0  7921.6    -0.4    1279.0 
8699.0  8692.3    -6.7    1402.0 
9261.0  9262.5    1.5    1493.0 

75    A = 6.30453 ; B = -105.0
 Eexp   Ecal      Differ  Channel 
6040.0  6041.9    1.9    975.0 
6143.8  6142.8    -1.0    991.0 
6264.0  6262.6    -1.4    1010.0 
6899.2  6899.4    0.2    1111.0 
7137.0  7138.9    1.9    1149.0 
7922.0  7920.7    -1.3    1273.0 
8699.0  8696.1    -2.9    1396.0 
9261.0  9263.6    2.6    1486.0 

76    A = 6.29576 ; B = -93.1
 Eexp   Ecal      Differ  Channel 
6040.0  6039.0    -1.0    974.0 
6143.8  6146.0    2.2    991.0 
6264.0  6259.3    -4.7    1009.0 
6899.2  6901.5    2.3    1111.0 
7137.0  7140.7    3.7    1149.0 
7922.0  7921.4    -0.6    1273.0 
8699.0  8695.8    -3.2    1396.0 
9261.0  9262.4    1.4    1486.0 

77    A = 6.25431 ; B = -89.8
 Eexp   Ecal      Differ  Channel 
6040.0  6039.4    -0.6    980.0 
6143.8  6139.5    -4.3    996.0 
6264.0  6264.6    0.6    1016.0 
6899.2  6902.5    3.3    1118.0 
7137.0  7140.2    3.2    1156.0 
7922.0  7922.0    -0.0    1281.0 
8699.0  8697.5    -1.5    1405.0 
9261.0  9260.4    -0.6    1495.0 

78    A = 6.46127 ; B = -91.1
 Eexp   Ecal      Differ  Channel 
6040.0  6034.2    -5.8    948.0 
6143.8  6144.0    0.2    965.0 
6264.0  6266.8    2.8    984.0 
6899.2  6906.5    7.3    1083.0 
7137.0  7139.1    2.1    1119.0 
7922.0  7914.4    -7.6    1239.0 
8699.0  8696.2    -2.8    1360.0 
9261.0  9264.8    3.8    1448.0 

79    A = 6.38843 ; B = -89.3
 Eexp   Ecal      Differ  Channel 
6040.0  6043.6    3.6    960.0 
6143.8  6139.4    -4.4    975.0 
6264.0  6260.8    -3.2    994.0 
6899.2  6906.1    6.9    1095.0 
7137.0  7136.0    -1.0    1131.0 
7922.0  7921.8    -0.2    1254.0 
8699.0  8694.8    -4.2    1375.0 
9261.0  9263.4    2.4    1464.0 

80    A = 6.13520 ; B = -88.7
 Eexp   Ecal      Differ  Channel 
6040.0  6040.3    0.3    999.0 
6143.8  6138.5    -5.3    1015.0 
6264.0  6261.2    -2.8    1035.0 
6899.2  6905.4    6.2    1140.0 
7137.0  7144.7    7.7    1179.0 
7922.0  7917.7    -4.3    1305.0 
8699.0  8696.9    -2.1    1432.0 
9261.0  9261.3    0.3    1524.0 

81    A = 6.23341 ; B = -115.0
 Eexp   Ecal      Differ  Channel 
6040.0  6043.6    3.6    988.0 
6143.8  6137.1    -6.7    1003.0 
6264.0  6261.8    -2.2    1023.0 
6899.2  6903.8    4.6    1126.0 
7137.0  7140.7    3.7    1164.0 
7922.0  7919.9    -2.1    1289.0 
8699.0  8699.0    0.0    1414.0 
9261.0  9260.1    -0.9    1504.0 

82    A = 6.16380 ; B = -106.2
 Eexp   Ecal      Differ  Channel 
6040.0  6039.1    -0.9    997.0 
6143.8  6137.7    -6.1    1013.0 
6264.0  6267.2    3.2    1034.0 
6899.2  6902.0    2.8    1137.0 
7137.0  7142.4    5.4    1176.0 
7922.0  7919.1    -2.9    1302.0 
8699.0  8695.7    -3.3    1428.0 
9261.0  9262.8    1.8    1520.0 

83    A = 6.21668 ; B = -100.5
 Eexp   Ecal      Differ  Channel 
6040.0  6035.3    -4.7    987.0 
6143.8  6141.0    -2.8    1004.0 
6264.0  6265.3    1.3    1024.0 
6899.2  6905.7    6.5    1127.0 
7137.0  7141.9    4.9    1165.0 
7922.0  7919.0    -3.0    1290.0 
8699.0  8696.1    -2.9    1415.0 
9261.0  9261.8    0.8    1506.0 

84    A = 6.21670 ; B = -96.7
 Eexp   Ecal      Differ  Channel 
6040.0  6039.2    -0.8    987.0 
6143.8  6138.7    -5.1    1003.0 
6264.0  6263.0    -1.0    1023.0 
6899.2  6903.3    4.1    1126.0 
7137.0  7145.8    8.8    1165.0 
7922.0  7916.6    -5.4    1289.0 
8699.0  8699.9    0.9    1415.0 
9261.0  9259.4    -1.6    1505.0 

85    A = 6.27467 ; B = -117.0
 Eexp   Ecal      Differ  Channel 
6040.0  6038.5    -1.5    981.0 
6143.8  6138.9    -4.9    997.0 
6264.0  6264.4    0.4    1017.0 
6899.2  6904.4    5.2    1119.0 
7137.0  7142.8    5.8    1157.0 
7922.0  7920.9    -1.1    1281.0 
8699.0  8692.6    -6.4    1404.0 
9261.0  9263.6    2.6    1495.0 

86    A = 6.39864 ; B = -80.3
 Eexp   Ecal      Differ  Channel 
6040.0  6043.2    3.2    957.0 
6143.8  6139.2    -4.6    972.0 
6264.0  6260.8    -3.2    991.0 
6899.2  6907.0    7.8    1092.0 
7137.0  7137.4    0.4    1128.0 
7922.0  7918.0    -4.0    1250.0 
8699.0  8698.7    -0.3    1372.0 
9261.0  9261.7    0.7    1460.0 

87    A = 6.35095 ; B = -134.1
 Eexp   Ecal      Differ  Channel 
6040.0  6032.7    -7.3    971.0 
6143.8  6147.0    3.2    989.0 
6264.0  6261.3    -2.7    1007.0 
6899.2  6909.1    9.9    1109.0 
7137.0  7137.8    0.8    1145.0 
7922.0  7918.9    -3.1    1268.0 
8699.0  8700.1    1.1    1391.0 
9261.0  9259.0    -2.0    1479.0 

88    A = 6.19375 ; B = -103.5
 Eexp   Ecal      Differ  Channel 
6040.0  6034.5    -5.5    991.0 
6143.8  6139.8    -4.0    1008.0 
6264.0  6269.9    5.9    1029.0 
6899.2  6901.7    2.5    1131.0 
7137.0  7143.2    6.2    1170.0 
7922.0  7917.4    -4.6    1295.0 
8699.0  8697.9    -1.1    1421.0 
9261.0  9261.5    0.5    1512.0 

89    A = 6.43590 ; B = -100.7
 Eexp   Ecal      Differ  Channel 
6040.0  6039.1    -0.9    954.0 
6143.8  6142.1    -1.7    970.0 
6264.0  6264.4    0.4    989.0 
6899.2  6908.0    8.8    1089.0 
7137.0  7133.2    -3.8    1124.0 
7922.0  7918.4    -3.6    1246.0 
8699.0  8697.2    -1.8    1367.0 
9261.0  9263.5    2.5    1455.0 

90    A = 6.20386 ; B = -116.3
 Eexp   Ecal      Differ  Channel 
6040.0  6037.9    -2.1    992.0 
6143.8  6143.4    -0.4    1009.0 
6264.0  6261.3    -2.7    1028.0 
6899.2  6900.3    1.1    1131.0 
7137.0  7142.2    5.2    1170.0 
7922.0  7923.9    1.9    1296.0 
8699.0  8699.4    0.4    1421.0 
9261.0  9257.7    -3.3    1511.0 

91    A = 6.40013 ; B = -123.6
 Eexp   Ecal      Differ  Channel 
6040.0  6039.7    -0.3    963.0 
6143.8  6142.1    -1.7    979.0 
6264.0  6263.7    -0.3    998.0 
6899.2  6903.7    4.5    1098.0 
7137.0  7140.5    3.5    1135.0 
7922.0  7915.0    -7.0    1256.0 
8699.0  8695.8    -3.2    1378.0 
9261.0  9265.4    4.4    1467.0 

92    A = 6.25665 ; B = -98.0
 Eexp   Ecal      Differ  Channel 
6040.0  6039.7    -0.3    981.0 
6143.8  6139.8    -4.0    997.0 
6264.0  6265.0    1.0    1017.0 
6899.2  6903.1    3.9    1119.0 
7137.0  7140.9    3.9    1157.0 
7922.0  7916.7    -5.3    1281.0 
8699.0  8698.8    -0.2    1406.0 
9261.0  9261.9    0.9    1496.0 

93    A = 6.33700 ; B = -105.1
 Eexp   Ecal      Differ  Channel 
6040.0  6041.8    1.8    970.0 
6143.8  6143.2    -0.6    986.0 
6264.0  6263.6    -0.4    1005.0 
6899.2  6903.6    4.4    1106.0 
7137.0  7138.1    1.1    1143.0 
7922.0  7911.2    -10.8    1265.0 
8699.0  8697.0    -2.0    1389.0 
9261.0  9267.3    6.3    1479.0 

94    A = 6.25665 ; B = -98.0
 Eexp   Ecal      Differ  Channel 
6040.0  6039.7    -0.3    981.0 
6143.8  6139.8    -4.0    997.0 
6264.0  6265.0    1.0    1017.0 
6899.2  6903.1    3.9    1119.0 
7137.0  7140.9    3.9    1157.0 
7922.0  7916.7    -5.3    1281.0 
8699.0  8698.8    -0.2    1406.0 
9261.0  9261.9    0.9    1496.0 

95    A = 6.24745 ; B = -118.4
 Eexp   Ecal      Differ  Channel 
6040.0  6041.6    1.6    986.0 
6143.8  6141.5    -2.3    1002.0 
6264.0  6260.2    -3.8    1021.0 
6899.2  6903.7    4.5    1124.0 
7137.0  7141.1    4.1    1162.0 
7922.0  7915.8    -6.2    1286.0 
8699.0  8703.0    4.0    1412.0 
9261.0  9259.0    -2.0    1501.0 

96    A = 6.31357 ; B = -96.7
 Eexp   Ecal      Differ  Channel 
6040.0  6040.1    0.1    972.0 
6143.8  6141.2    -2.6    988.0 
6264.0  6261.1    -2.9    1007.0 
6899.2  6905.1    5.9    1109.0 
7137.0  7138.7    1.7    1146.0 
7922.0  7921.6    -0.4    1270.0 
8699.0  8698.2    -0.8    1393.0 
9261.0  9260.1    -0.9    1482.0 

97    A = 6.08000 ; B = -95.2
 Eexp   Ecal      Differ  Channel 
6040.0  6039.5    -0.5    1009.0 
6143.8  6142.8    -1.0    1026.0 
6264.0  6264.4    0.4    1046.0 
6899.2  6902.8    3.6    1151.0 
7137.0  7140.0    3.0    1190.0 
7922.0  7912.1    -9.9    1317.0 
8699.0  8702.5    3.5    1447.0 
9261.0  9261.9    0.9    1539.0 

98    A = 6.26845 ; B = -61.8
 Eexp   Ecal      Differ  Channel 
6040.0  6037.4    -2.6    973.0 
6143.8  6143.9    0.1    990.0 
6264.0  6263.0    -1.0    1009.0 
6899.2  6902.4    3.2    1111.0 
7137.0  7140.6    3.6    1149.0 
7922.0  7917.9    -4.1    1273.0 
8699.0  8701.4    2.4    1398.0 
9261.0  9259.3    -1.7    1487.0 

99    A = 6.15463 ; B = -112.1
 Eexp   Ecal      Differ  Channel 
6040.0  6036.4    -3.6    999.0 
6143.8  6141.0    -2.8    1016.0 
6264.0  6264.1    0.1    1036.0 
6899.2  6904.2    5.0    1140.0 
7137.0  7138.0    1.0    1178.0 
7922.0  7925.8    3.8    1306.0 
8699.0  8701.3    2.3    1432.0 
9261.0  9255.2    -5.8    1522.0 

100    A = 6.35536 ; B = -86.8
 Eexp   Ecal      Differ  Channel 
6040.0  6039.8    -0.2    964.0 
6143.8  6141.5    -2.3    980.0 
6264.0  6262.2    -1.8    999.0 
6899.2  6904.1    4.9    1100.0 
7137.0  7139.2    2.2    1137.0 
7922.0  7921.0    -1.0    1260.0 
8699.0  8696.3    -2.7    1382.0 
9261.0  9261.9    0.9    1471.0 

101    A = 6.11065 ; B = -71.4
 Eexp   Ecal      Differ  Channel 
6040.0  6039.2    -0.8    1000.0 
6143.8  6137.0    -6.8    1016.0 
6264.0  6265.3    1.3    1037.0 
6899.2  6900.8    1.6    1141.0 
7137.0  7145.3    8.3    1181.0 
7922.0  7921.3    -0.7    1308.0 
8699.0  8697.4    -1.6    1435.0 
9261.0  9259.6    -1.4    1527.0 

102    A = 6.22017 ; B = -41.7
 Eexp   Ecal      Differ  Channel 
6040.0  6041.6    1.6    978.0 
6143.8  6141.1    -2.7    994.0 
6264.0  6265.5    1.5    1014.0 
6899.2  6906.2    7.0    1117.0 
7137.0  7130.1    -6.9    1153.0 
7922.0  7920.1    -1.9    1280.0 
8699.0  8697.6    -1.4    1405.0 
9261.0  9263.7    2.7    1496.0 

103    A = 6.08613 ; B = -82.9
 Eexp   Ecal      Differ  Channel 
6040.0  6039.7    -0.3    1006.0 
6143.8  6143.2    -0.6    1023.0 
6264.0  6258.8    -5.2    1042.0 
6899.2  6904.0    4.8    1148.0 
7137.0  7141.3    4.3    1187.0 
7922.0  7920.3    -1.7    1315.0 
8699.0  8699.4    0.4    1443.0 
9261.0  9259.3    -1.7    1535.0 

104    A = 6.10506 ; B = -70.8
 Eexp   Ecal      Differ  Channel 
6040.0  6040.4    0.4    1001.0 
6143.8  6138.1    -5.7    1017.0 
6264.0  6266.3    2.3    1038.0 
6899.2  6901.2    2.0    1142.0 
7137.0  7139.3    2.3    1181.0 
7922.0  7920.8    -1.2    1309.0 
8699.0  8702.2    3.2    1437.0 
9261.0  9257.8    -3.2    1528.0 

105    A = 6.03051 ; B = -105.2
 Eexp   Ecal      Differ  Channel 
6040.0  6039.9    -0.1    1019.0 
6143.8  6142.4    -1.4    1036.0 
6264.0  6263.0    -1.0    1056.0 
6899.2  6902.3    3.1    1162.0 
7137.0  7137.4    0.4    1201.0 
7922.0  7921.4    -0.6    1331.0 
8699.0  8699.4    0.4    1460.0 
9261.0  9260.2    -0.8    1553.0 

106    A = 6.31801 ; B = -65.5
 Eexp   Ecal      Differ  Channel 
6040.0  6037.7    -2.3    966.0 
6143.8  6145.1    1.3    983.0 
6264.0  6265.1    1.1    1002.0 
6899.2  6896.9    -2.3    1102.0 
7137.0  7143.3    6.3    1141.0 
7922.0  7914.1    -7.9    1263.0 
8699.0  8703.9    4.9    1388.0 
9261.0  9259.9    -1.1    1476.0 

107    A = 6.06990 ; B = -104.2
 Eexp   Ecal      Differ  Channel 
6040.0  6038.5    -1.5    1012.0 
6143.8  6147.8    4.0    1030.0 
6264.0  6263.1    -0.9    1049.0 
6899.2  6900.4    1.2    1154.0 
7137.0  7137.2    0.2    1193.0 
7922.0  7914.1    -7.9    1321.0 
8699.0  8703.2    4.2    1451.0 
9261.0  9261.6    0.6    1543.0 

108    A = 6.18710 ; B = -63.8
 Eexp   Ecal      Differ  Channel 
6040.0  6036.7    -3.3    986.0 
6143.8  6141.9    -1.9    1003.0 
6264.0  6265.6    1.6    1023.0 
6899.2  6902.9    3.7    1126.0 
7137.0  7138.0    1.0    1164.0 
7922.0  7923.7    1.7    1291.0 
8699.0  8697.1    -1.9    1416.0 
9261.0  9260.2    -0.8    1507.0 

109    A = 6.06451 ; B = -84.0
 Eexp   Ecal      Differ  Channel 
6040.0  6041.2    1.2    1010.0 
6143.8  6138.2    -5.6    1026.0 
6264.0  6265.5    1.5    1047.0 
6899.2  6902.3    3.1    1152.0 
7137.0  7138.8    1.8    1191.0 
7922.0  7921.2    -0.8    1320.0 
8699.0  8697.4    -1.6    1448.0 
9261.0  9261.4    0.4    1541.0 

110    A = 6.31281 ; B = -83.9
 Eexp   Ecal      Differ  Channel 
6040.0  6039.5    -0.5    970.0 
6143.8  6146.8    3.0    987.0 
6264.0  6260.4    -3.6    1005.0 
6899.2  6904.4    5.2    1107.0 
7137.0  7137.9    0.9    1144.0 
7922.0  7914.4    -7.6    1267.0 
8699.0  8697.2    -1.8    1391.0 
9261.0  9265.3    4.3    1481.0 

111    A = 6.28123 ; B = -106.7
 Eexp   Ecal      Differ  Channel 
6040.0  6036.4    -3.6    978.0 
6143.8  6143.1    -0.7    995.0 
6264.0  6262.5    -1.5    1014.0 
6899.2  6903.2    4.0    1116.0 
7137.0  7141.9    4.9    1154.0 
7922.0  7920.7    -1.3    1278.0 
8699.0  8699.6    0.6    1402.0 
9261.0  9258.6    -2.4    1491.0 

112    A = 6.37092 ; B = -77.0
 Eexp   Ecal      Differ  Channel 
6040.0  6039.1    -0.9    960.0 
6143.8  6141.0    -2.8    976.0 
6264.0  6262.1    -1.9    995.0 
6899.2  6905.5    6.3    1096.0 
7137.0  7141.3    4.3    1133.0 
7922.0  7918.5    -3.5    1255.0 
8699.0  8695.8    -3.2    1377.0 
9261.0  9262.8    1.8    1466.0 

113    A = 6.19082 ; B = -95.3
 Eexp   Ecal      Differ  Channel 
6040.0  6039.8    -0.2    991.0 
6143.8  6145.0    1.2    1008.0 
6264.0  6262.7    -1.3    1027.0 
6899.2  6900.3    1.1    1130.0 
7137.0  7135.6    -1.4    1168.0 
7922.0  7921.8    -0.2    1295.0 
8699.0  8701.8    2.8    1421.0 
9261.0  9259.0    -2.0    1511.0 

114    A = 6.24420 ; B = -88.0
 Eexp   Ecal      Differ  Channel 
6040.0  6037.5    -2.5    981.0 
6143.8  6143.7    -0.1    998.0 
6264.0  6262.3    -1.7    1017.0 
6899.2  6899.2    0.0    1119.0 
7137.0  7142.8    5.8    1158.0 
7922.0  7923.3    1.3    1283.0 
8699.0  8697.6    -1.4    1407.0 
9261.0  9259.6    -1.4    1497.0 

115    A = 6.12816 ; B = -110.1
 Eexp   Ecal      Differ  Channel 
6040.0  6042.5    2.5    1004.0 
6143.8  6140.6    -3.2    1020.0 
6264.0  6263.2    -0.8    1040.0 
6899.2  6900.5    1.3    1144.0 
7137.0  7139.5    2.5    1183.0 
7922.0  7917.8    -4.2    1310.0 
8699.0  8702.2    3.2    1438.0 
9261.0  9259.8    -1.2    1529.0 

116    A = 6.41130 ; B = -69.2
 Eexp   Ecal      Differ  Channel 
6040.0  6040.7    0.7    953.0 
6143.8  6143.3    -0.5    969.0 
6264.0  6265.1    1.1    988.0 
6899.2  6899.9    0.7    1087.0 
7137.0  7137.1    0.1    1124.0 
7922.0  7919.2    -2.8    1246.0 
8699.0  8695.0    -4.0    1367.0 
9261.0  9265.6    4.6    1456.0 

117    A = 6.00886 ; B = -103.4
 Eexp   Ecal      Differ  Channel 
6040.0  6037.6    -2.4    1022.0 
6143.8  6139.8    -4.0    1039.0 
6264.0  6266.0    2.0    1060.0 
6899.2  6902.9    3.7    1166.0 
7137.0  7143.3    6.3    1206.0 
7922.0  7918.4    -3.6    1335.0 
8699.0  8693.6    -5.4    1464.0 
9261.0  9264.4    3.4    1559.0 

118    A = 6.20654 ; B = -79.2
 Eexp   Ecal      Differ  Channel 
6040.0  6040.5    0.5    986.0 
6143.8  6139.8    -4.0    1002.0 
6264.0  6263.9    -0.1    1022.0 
6899.2  6903.2    4.0    1125.0 
7137.0  7139.0    2.0    1163.0 
7922.0  7921.1    -0.9    1289.0 
8699.0  8696.9    -2.1    1414.0 
9261.0  9261.7    0.7    1505.0 

119    A = 6.14977 ; B = -87.8
 Eexp   Ecal      Differ  Channel 
6040.0  6037.4    -2.6    996.0 
6143.8  6141.9    -1.9    1013.0 
6264.0  6264.9    0.9    1033.0 
6899.2  6904.5    5.3    1137.0 
7137.0  7138.2    1.2    1175.0 
7922.0  7919.2    -2.8    1302.0 
8699.0  8700.2    1.2    1429.0 
9261.0  9259.8    -1.2    1520.0 

120    A = 6.22652 ; B = -81.1
 Eexp   Ecal      Differ  Channel 
6040.0  6039.5    -0.5    983.0 
6143.8  6145.4    1.6    1000.0 
6264.0  6263.7    -0.3    1019.0 
6899.2  6898.8    -0.4    1121.0 
7137.0  7141.6    4.6    1160.0 
7922.0  7913.7    -8.3    1284.0 
8699.0  8698.3    -0.7    1410.0 
9261.0  9264.9    3.9    1501.0 

121    A = 6.12816 ; B = -85.6
 Eexp   Ecal      Differ  Channel 
6040.0  6042.5    2.5    1000.0 
6143.8  6140.6    -3.2    1016.0 
6264.0  6263.2    -0.8    1036.0 
6899.2  6900.5    1.3    1140.0 
7137.0  7139.5    2.5    1179.0 
7922.0  7917.8    -4.2    1306.0 
8699.0  8702.2    3.2    1434.0 
9261.0  9259.8    -1.2    1525.0 

122    A = 6.37092 ; B = -64.3
 Eexp   Ecal      Differ  Channel 
6040.0  6039.1    -0.9    958.0 
6143.8  6141.0    -2.8    974.0 
6264.0  6262.1    -1.9    993.0 
6899.2  6905.5    6.3    1094.0 
7137.0  7141.3    4.3    1131.0 
7922.0  7918.5    -3.5    1253.0 
8699.0  8695.8    -3.2    1375.0 
9261.0  9262.8    1.8    1464.0 

123    A = 6.33380 ; B = -72.8
 Eexp   Ecal      Differ  Channel 
6040.0  6039.3    -0.7    965.0 
6143.8  6140.6    -3.2    981.0 
6264.0  6267.3    3.3    1001.0 
6899.2  6900.7    1.5    1101.0 
7137.0  7141.4    4.4    1139.0 
7922.0  7914.1    -7.9    1261.0 
8699.0  8699.5    0.5    1385.0 
9261.0  9263.2    2.2    1474.0 

124    A = 6.20796 ; B = -81.6
 Eexp   Ecal      Differ  Channel 
6040.0  6039.4    -0.6    986.0 
6143.8  6138.7    -5.1    1002.0 
6264.0  6262.9    -1.1    1022.0 
6899.2  6908.5    9.3    1126.0 
7137.0  7138.2    1.2    1163.0 
7922.0  7920.4    -1.6    1289.0 
8699.0  8696.4    -2.6    1414.0 
9261.0  9261.3    0.3    1505.0 

125    A = 6.31176 ; B = -94.5
 Eexp   Ecal      Differ  Channel 
6040.0  6034.2    -5.8    971.0 
6143.8  6141.5    -2.3    988.0 
6264.0  6267.7    3.7    1008.0 
6899.2  6898.9    -0.3    1108.0 
7137.0  7145.1    8.1    1147.0 
7922.0  7921.4    -0.6    1270.0 
8699.0  8697.7    -1.3    1393.0 
9261.0  9259.5    -1.5    1482.0 

126    A = 6.37495 ; B = -76.1
 Eexp   Ecal      Differ  Channel 
6040.0  6043.9    3.9    960.0 
6143.8  6139.5    -4.3    975.0 
6264.0  6260.6    -3.4    994.0 
6899.2  6904.5    5.3    1095.0 
7137.0  7134.0    -3.0    1131.0 
7922.0  7924.5    2.5    1255.0 
8699.0  8702.2    3.2    1377.0 
9261.0  9256.8    -4.2    1464.0 

127    A = 6.25923 ; B = -90.9
 Eexp   Ecal      Differ  Channel 
6040.0  6036.9    -3.1    979.0 
6143.8  6143.3    -0.5    996.0 
6264.0  6262.2    -1.8    1015.0 
6899.2  6900.6    1.4    1117.0 
7137.0  7144.7    7.7    1156.0 
7922.0  7920.9    -1.1    1280.0 
8699.0  8697.0    -2.0    1404.0 
9261.0  9260.4    -0.6    1494.0 

128    A = 6.45665 ; B = -81.0
 Eexp   Ecal      Differ  Channel 
6040.0  6039.9    -0.1    948.0 
6143.8  6136.8    -7.0    963.0 
6264.0  6265.9    1.9    983.0 
6899.2  6905.1    5.9    1082.0 
7137.0  7144.0    7.0    1119.0 
7922.0  7912.4    -9.6    1238.0 
8699.0  8700.1    1.1    1360.0 
9261.0  9261.8    0.8    1447.0 
