
1    A = 8.26413 ; B = -70.7
 Eexp   Ecal      Differ  Channel 
6040.0  6036.5    -3.5    739.0 
6143.8  6143.9    0.1    752.0 
6264.0  6259.6    -4.4    766.0 
6899.2  6904.2    5.0    844.0 
7137.0  7143.9    6.9    873.0 
7922.0  7920.7    -1.3    967.0 
8699.0  8697.6    -1.4    1061.0 
9261.0  9259.5    -1.5    1129.0 

2    A = 8.29779 ; B = -31.2
 Eexp   Ecal      Differ  Channel 
6040.0  6042.8    2.8    732.0 
6143.8  6142.4    -1.4    744.0 
6264.0  6258.5    -5.5    758.0 
6899.2  6905.8    6.6    836.0 
7137.0  7138.1    1.1    864.0 
7922.0  7918.1    -3.9    958.0 
8699.0  8698.1    -0.9    1052.0 
9261.0  9262.3    1.3    1120.0 

3    A = 8.62183 ; B = -64.1
 Eexp   Ecal      Differ  Channel 
6040.0  6040.2    0.2    708.0 
6143.8  6143.7    -0.1    720.0 
6264.0  6264.4    0.4    734.0 
6899.2  6902.4    3.2    808.0 
7137.0  7135.2    -1.8    835.0 
7922.0  7919.8    -2.2    926.0 
8699.0  8695.7    -3.3    1016.0 
9261.0  9264.8    3.8    1082.0 

4    A = 8.69081 ; B = -70.8
 Eexp   Ecal      Differ  Channel 
6040.0  6038.8    -1.2    703.0 
6143.8  6134.4    -9.4    714.0 
6264.0  6264.8    0.8    729.0 
6899.2  6907.9    8.7    803.0 
7137.0  7142.6    5.6    830.0 
7922.0  7924.7    2.7    920.0 
8699.0  8689.5    -9.5    1008.0 
9261.0  9263.1    2.1    1074.0 

5    A = 8.50839 ; B = -76.8
 Eexp   Ecal      Differ  Channel 
6040.0  6040.8    0.8    719.0 
6143.8  6142.9    -0.9    731.0 
6264.0  6262.0    -2.0    745.0 
6899.2  6900.1    0.9    820.0 
7137.0  7138.3    1.3    848.0 
7922.0  7921.1    -0.9    940.0 
8699.0  8703.9    4.9    1032.0 
9261.0  9256.9    -4.1    1097.0 

6    A = 8.87839 ; B = -57.8
 Eexp   Ecal      Differ  Channel 
6040.0  6041.7    1.7    687.0 
6143.8  6139.3    -4.5    698.0 
6264.0  6263.6    -0.4    712.0 
6899.2  6902.9    3.7    784.0 
7137.0  7142.6    5.6    811.0 
7922.0  7915.0    -7.0    898.0 
8699.0  8696.3    -2.7    986.0 
9261.0  9264.5    3.5    1050.0 

7    A = 8.71543 ; B = -63.3
 Eexp   Ecal      Differ  Channel 
6040.0  6037.5    -2.5    700.0 
6143.8  6142.0    -1.8    712.0 
6264.0  6264.1    0.1    726.0 
6899.2  6900.3    1.1    799.0 
7137.0  7144.3    7.3    827.0 
7922.0  7920.0    -2.0    916.0 
8699.0  8695.7    -3.3    1005.0 
9261.0  9262.2    1.2    1070.0 

8    A = 8.73246 ; B = -100.6
 Eexp   Ecal      Differ  Channel 
6040.0  6038.3    -1.7    703.0 
6143.8  6143.1    -0.7    715.0 
6264.0  6256.6    -7.4    728.0 
6899.2  6902.8    3.6    802.0 
7137.0  7147.3    10.3    830.0 
7922.0  7924.5    2.5    919.0 
8699.0  8692.9    -6.1    1007.0 
9261.0  9260.6    -0.4    1072.0 

9    A = 8.35749 ; B = -68.2
 Eexp   Ecal      Differ  Channel 
6040.0  6041.1    1.1    731.0 
6143.8  6141.4    -2.4    743.0 
6264.0  6258.4    -5.6    757.0 
6899.2  6901.9    2.7    834.0 
7137.0  7144.3    7.3    863.0 
7922.0  7921.5    -0.5    956.0 
8699.0  8698.8    -0.2    1049.0 
9261.0  9258.7    -2.3    1116.0 

10    A = 8.63706 ; B = -68.4
 Eexp   Ecal      Differ  Channel 
6040.0  6038.0    -2.0    707.0 
6143.8  6141.6    -2.2    719.0 
6264.0  6262.5    -1.5    733.0 
6899.2  6901.7    2.5    807.0 
7137.0  7143.5    6.5    835.0 
7922.0  7920.9    -1.1    925.0 
8699.0  8698.2    -0.8    1015.0 
9261.0  9259.6    -1.4    1080.0 

11    A = 8.41334 ; B = -95.4
 Eexp   Ecal      Differ  Channel 
6040.0  6038.0    -2.0    729.0 
6143.8  6138.9    -4.9    741.0 
6264.0  6265.1    1.1    756.0 
6899.2  6904.5    5.3    832.0 
7137.0  7140.1    3.1    860.0 
7922.0  7922.5    0.5    953.0 
8699.0  8696.6    -2.4    1045.0 
9261.0  9260.3    -0.7    1112.0 

12    A = 8.83874 ; B = -71.3
 Eexp   Ecal      Differ  Channel 
6040.0  6036.2    -3.8    691.0 
6143.8  6142.3    -1.5    703.0 
6264.0  6266.0    2.0    717.0 
6899.2  6902.4    3.2    789.0 
7137.0  7141.1    4.1    816.0 
7922.0  7918.9    -3.1    904.0 
8699.0  8696.7    -2.3    992.0 
9261.0  9262.4    1.4    1056.0 

13    A = 8.51938 ; B = -72.5
 Eexp   Ecal      Differ  Channel 
6040.0  6035.9    -4.1    717.0 
6143.8  6138.2    -5.6    729.0 
6264.0  6266.0    2.0    744.0 
6899.2  6904.9    5.7    819.0 
7137.0  7143.5    6.5    847.0 
7922.0  7918.7    -3.3    938.0 
8699.0  8702.5    3.5    1030.0 
9261.0  9256.3    -4.7    1095.0 

14    A = 8.53805 ; B = -97.1
 Eexp   Ecal      Differ  Channel 
6040.0  6041.7    1.7    719.0 
6143.8  6135.6    -8.2    730.0 
6264.0  6263.7    -0.3    745.0 
6899.2  6904.1    4.9    820.0 
7137.0  7143.1    6.1    848.0 
7922.0  7920.1    -1.9    939.0 
8699.0  8697.1    -1.9    1030.0 
9261.0  9260.6    -0.4    1096.0 

15    A = 8.64150 ; B = -62.5
 Eexp   Ecal      Differ  Channel 
6040.0  6038.4    -1.6    706.0 
6143.8  6142.1    -1.7    718.0 
6264.0  6263.1    -0.9    732.0 
6899.2  6902.6    3.4    806.0 
7137.0  7144.5    7.5    834.0 
7922.0  7913.6    -8.4    923.0 
8699.0  8700.0    1.0    1014.0 
9261.0  9261.7    0.7    1079.0 

16    A = 8.63706 ; B = -68.4
 Eexp   Ecal      Differ  Channel 
6040.0  6038.0    -2.0    707.0 
6143.8  6141.6    -2.2    719.0 
6264.0  6262.5    -1.5    733.0 
6899.2  6901.7    2.5    807.0 
7137.0  7143.5    6.5    835.0 
7922.0  7920.9    -1.1    925.0 
8699.0  8698.2    -0.8    1015.0 
9261.0  9259.6    -1.4    1080.0 

17    A = 8.50279 ; B = -74.0
 Eexp   Ecal      Differ  Channel 
6040.0  6039.5    -0.5    719.0 
6143.8  6141.5    -2.3    731.0 
6264.0  6260.5    -3.5    745.0 
6899.2  6906.7    7.5    821.0 
7137.0  7136.3    -0.7    848.0 
7922.0  7927.1    5.1    941.0 
8699.0  8692.3    -6.7    1031.0 
9261.0  9262.0    1.0    1098.0 

18    A = 8.57437 ; B = -83.6
 Eexp   Ecal      Differ  Channel 
6040.0  6038.5    -1.5    714.0 
6143.8  6141.4    -2.4    726.0 
6264.0  6261.5    -2.5    740.0 
6899.2  6904.5    5.3    815.0 
7137.0  7144.6    7.6    843.0 
7922.0  7916.3    -5.7    933.0 
8699.0  8696.6    -2.4    1024.0 
9261.0  9262.5    1.5    1090.0 

19    A = 8.83874 ; B = -53.7
 Eexp   Ecal      Differ  Channel 
6040.0  6036.2    -3.8    689.0 
6143.8  6142.3    -1.5    701.0 
6264.0  6266.0    2.0    715.0 
6899.2  6902.4    3.2    787.0 
7137.0  7141.1    4.1    814.0 
7922.0  7918.9    -3.1    902.0 
8699.0  8696.7    -2.3    990.0 
9261.0  9262.4    1.4    1054.0 

20    A = 8.74362 ; B = -65.3
 Eexp   Ecal      Differ  Channel 
6040.0  6037.8    -2.2    698.0 
6143.8  6142.7    -1.1    710.0 
6264.0  6265.1    1.1    724.0 
6899.2  6903.4    4.2    797.0 
7137.0  7139.5    2.5    824.0 
7922.0  7917.6    -4.4    913.0 
8699.0  8695.8    -3.2    1002.0 
9261.0  9264.2    3.2    1067.0 

21    A = 8.69368 ; B = -100.4
 Eexp   Ecal      Differ  Channel 
6040.0  6037.3    -2.7    706.0 
6143.8  6141.7    -2.1    718.0 
6264.0  6263.4    -0.6    732.0 
6899.2  6906.7    7.5    806.0 
7137.0  7141.4    4.4    833.0 
7922.0  7915.2    -6.8    922.0 
8699.0  8697.6    -1.4    1012.0 
9261.0  9262.7    1.7    1077.0 

22    A = 9.14248 ; B = -65.1
 Eexp   Ecal      Differ  Channel 
6040.0  6042.1    2.1    668.0 
6143.8  6142.7    -1.1    679.0 
6264.0  6261.5    -2.5    692.0 
6899.2  6901.5    2.3    762.0 
7137.0  7139.2    2.2    788.0 
7922.0  7916.3    -5.7    873.0 
8699.0  8702.5    3.5    959.0 
9261.0  9260.2    -0.8    1020.0 

23    A = 8.65353 ; B = -67.3
 Eexp   Ecal      Differ  Channel 
6040.0  6042.1    2.1    706.0 
6143.8  6137.3    -6.5    717.0 
6264.0  6267.1    3.1    732.0 
6899.2  6898.8    -0.4    805.0 
7137.0  7141.1    4.1    833.0 
7922.0  7919.9    -2.1    923.0 
8699.0  8698.7    -0.3    1013.0 
9261.0  9261.2    0.2    1078.0 

24    A = 8.56996 ; B = -80.8
 Eexp   Ecal      Differ  Channel 
6040.0  6038.1    -1.9    714.0 
6143.8  6140.9    -2.9    726.0 
6264.0  6260.9    -3.1    740.0 
6899.2  6903.7    4.5    815.0 
7137.0  7143.6    6.6    843.0 
7922.0  7923.5    1.5    934.0 
8699.0  8694.8    -4.2    1024.0 
9261.0  9260.4    -0.6    1090.0 

25    A = 8.68611 ; B = -75.5
 Eexp   Ecal      Differ  Channel 
6040.0  6039.5    -0.5    704.0 
6143.8  6143.8    -0.0    716.0 
6264.0  6256.7    -7.3    729.0 
6899.2  6908.1    8.9    804.0 
7137.0  7142.7    5.7    831.0 
7922.0  7915.7    -6.3    920.0 
8699.0  8697.5    -1.5    1010.0 
9261.0  9262.1    1.1    1075.0 

26    A = 8.64711 ; B = -50.0
 Eexp   Ecal      Differ  Channel 
6040.0  6037.6    -2.4    704.0 
6143.8  6141.4    -2.4    716.0 
6264.0  6262.4    -1.6    730.0 
6899.2  6902.3    3.1    804.0 
7137.0  7144.4    7.4    832.0 
7922.0  7922.7    0.7    922.0 
8699.0  8692.3    -6.7    1011.0 
9261.0  9263.0    2.0    1077.0 

27    A = 8.48052 ; B = -66.4
 Eexp   Ecal      Differ  Channel 
6040.0  6039.6    -0.4    720.0 
6143.8  6141.3    -2.5    732.0 
6264.0  6260.1    -3.9    746.0 
6899.2  6904.6    5.4    822.0 
7137.0  7142.0    5.0    850.0 
7922.0  7922.2    0.2    942.0 
8699.0  8694.0    -5.0    1033.0 
9261.0  9262.2    1.2    1100.0 

28    A = 8.53697 ; B = -69.5
 Eexp   Ecal      Differ  Channel 
6040.0  6042.9    2.9    716.0 
6143.8  6136.9    -6.9    727.0 
6264.0  6264.9    0.9    742.0 
6899.2  6905.2    6.0    817.0 
7137.0  7135.7    -1.3    844.0 
7922.0  7921.1    -0.9    936.0 
8699.0  8697.9    -1.1    1027.0 
9261.0  9261.4    0.4    1093.0 

29    A = 8.77781 ; B = -57.9
 Eexp   Ecal      Differ  Channel 
6040.0  6042.7    2.7    695.0 
6143.8  6139.3    -4.5    706.0 
6264.0  6262.2    -1.8    720.0 
6899.2  6902.9    3.7    793.0 
7137.0  7139.9    2.9    820.0 
7922.0  7921.2    -0.8    909.0 
8699.0  8693.6    -5.4    997.0 
9261.0  9264.2    3.2    1062.0 

30    A = 8.51545 ; B = -69.0
 Eexp   Ecal      Differ  Channel 
6040.0  6036.5    -3.5    717.0 
6143.8  6138.7    -5.1    729.0 
6264.0  6266.4    2.4    744.0 
6899.2  6905.1    5.9    819.0 
7137.0  7143.5    6.5    847.0 
7922.0  7918.4    -3.6    938.0 
8699.0  8693.3    -5.7    1029.0 
9261.0  9263.9    2.9    1096.0 

31    A = 8.55605 ; B = -69.9
 Eexp   Ecal      Differ  Channel 
6040.0  6039.1    -0.9    714.0 
6143.8  6141.8    -2.0    726.0 
6264.0  6261.5    -2.5    740.0 
6899.2  6903.2    4.0    815.0 
7137.0  7142.8    5.8    843.0 
7922.0  7921.4    -0.6    934.0 
8699.0  8691.5    -7.5    1024.0 
9261.0  9264.7    3.7    1091.0 

32    A = 8.61845 ; B = -54.7
 Eexp   Ecal      Differ  Channel 
6040.0  6038.5    -1.5    707.0 
6143.8  6142.0    -1.8    719.0 
6264.0  6262.6    -1.4    733.0 
6899.2  6900.4    1.2    807.0 
7137.0  7141.7    4.7    835.0 
7922.0  7926.0    4.0    926.0 
8699.0  8693.0    -6.0    1015.0 
9261.0  9261.8    0.8    1081.0 

33    A = 8.39145 ; B = -54.1
 Eexp   Ecal      Differ  Channel 
6040.0  6038.1    -1.9    726.0 
6143.8  6138.8    -5.0    738.0 
6264.0  6264.7    0.7    753.0 
6899.2  6902.4    3.2    829.0 
7137.0  7145.8    8.8    858.0 
7922.0  7917.8    -4.2    950.0 
8699.0  8698.2    -0.8    1043.0 
9261.0  9260.4    -0.6    1110.0 

34    A = 8.50823 ; B = -95.8
 Eexp   Ecal      Differ  Channel 
6040.0  6038.7    -1.3    721.0 
6143.8  6140.8    -3.0    733.0 
6264.0  6259.9    -4.1    747.0 
6899.2  6906.5    7.3    823.0 
7137.0  7144.7    7.7    851.0 
7922.0  7919.0    -3.0    942.0 
8699.0  8693.2    -5.8    1033.0 
9261.0  9263.3    2.3    1100.0 

35    A = 8.86296 ; B = -70.5
 Eexp   Ecal      Differ  Channel 
6040.0  6036.1    -3.9    689.0 
6143.8  6142.5    -1.3    701.0 
6264.0  6266.5    2.5    715.0 
6899.2  6904.7    5.5    787.0 
7137.0  7135.1    -1.9    813.0 
7922.0  7923.9    1.9    902.0 
8699.0  8695.0    -4.0    989.0 
9261.0  9262.2    1.2    1053.0 

36    A = 8.33585 ; B = -49.2
 Eexp   Ecal      Differ  Channel 
6040.0  6036.0    -4.0    730.0 
6143.8  6144.4    0.6    743.0 
6264.0  6261.1    -2.9    757.0 
6899.2  6902.9    3.7    834.0 
7137.0  7144.7    7.7    863.0 
7922.0  7919.9    -2.1    956.0 
8699.0  8695.1    -3.9    1049.0 
9261.0  9262.0    1.0    1117.0 

37    A = 8.69021 ; B = -82.2
 Eexp   Ecal      Differ  Channel 
6040.0  6035.7    -4.3    704.0 
6143.8  6140.0    -3.8    716.0 
6264.0  6261.6    -2.4    730.0 
6899.2  6904.7    5.5    804.0 
7137.0  7148.0    11.0    832.0 
7922.0  7921.4    -0.6    921.0 
8699.0  8694.9    -4.1    1010.0 
9261.0  9259.7    -1.3    1075.0 

38    A = 8.50718 ; B = -76.8
 Eexp   Ecal      Differ  Channel 
6040.0  6039.9    -0.1    719.0 
6143.8  6142.0    -1.8    731.0 
6264.0  6261.1    -2.9    745.0 
6899.2  6907.6    8.4    821.0 
7137.0  7137.3    0.3    848.0 
7922.0  7920.0    -2.0    940.0 
8699.0  8694.1    -4.9    1031.0 
9261.0  9264.1    3.1    1098.0 

39    A = 8.45726 ; B = -39.9
 Eexp   Ecal      Differ  Channel 
6040.0  6040.9    0.9    719.0 
6143.8  6142.4    -1.4    731.0 
6264.0  6260.8    -3.2    745.0 
6899.2  6903.5    4.3    821.0 
7137.0  7140.3    3.3    849.0 
7922.0  7918.4    -3.6    941.0 
8699.0  8696.5    -2.5    1033.0 
9261.0  9263.1    2.1    1100.0 

40    A = 8.62294 ; B = -83.3
 Eexp   Ecal      Differ  Channel 
6040.0  6039.0    -1.0    710.0 
6143.8  6142.4    -1.4    722.0 
6264.0  6263.2    -0.8    736.0 
6899.2  6901.3    2.1    810.0 
7137.0  7142.7    5.7    838.0 
7922.0  7918.8    -3.2    928.0 
8699.0  8694.8    -4.2    1018.0 
9261.0  9263.9    2.9    1084.0 

41    A = 8.54623 ; B = -54.0
 Eexp   Ecal      Differ  Channel 
6040.0  6039.5    -0.5    713.0 
6143.8  6142.0    -1.8    725.0 
6264.0  6261.7    -2.3    739.0 
6899.2  6902.6    3.4    814.0 
7137.0  7141.9    4.9    842.0 
7922.0  7919.6    -2.4    933.0 
8699.0  8697.3    -1.7    1024.0 
9261.0  9261.4    0.4    1090.0 

42    A = 8.69368 ; B = -91.7
 Eexp   Ecal      Differ  Channel 
6040.0  6037.3    -2.7    705.0 
6143.8  6141.7    -2.1    717.0 
6264.0  6263.4    -0.6    731.0 
6899.2  6906.7    7.5    805.0 
7137.0  7141.4    4.4    832.0 
7922.0  7915.2    -6.8    921.0 
8699.0  8697.6    -1.4    1011.0 
9261.0  9262.7    1.7    1076.0 

43    A = 8.73705 ; B = -120.9
 Eexp   Ecal      Differ  Channel 
6040.0  6038.7    -1.3    705.0 
6143.8  6143.6    -0.2    717.0 
6264.0  6257.1    -6.9    730.0 
6899.2  6903.7    4.5    804.0 
7137.0  7148.3    11.3    832.0 
7922.0  7917.2    -4.8    920.0 
8699.0  8694.8    -4.2    1009.0 
9261.0  9262.7    1.7    1074.0 

44   A = 8.62788 ;  B = -155.12
 Eexp   Ecal      Differ  Channel
6040.0   6039.7      0.3   718.000
--
6264.0   6260.0      4.0   743.532
--
7137.0   7141.7     -4.7   845.731
7922.0   7929.2     -7.2   937.000
8699.0   8687.5     11.5  1024.889
9261.0   9264.9     -3.9  1091.809

45    A = 8.41334 ; B = -87.0
 Eexp   Ecal      Differ  Channel 
6040.0  6038.0    -2.0    728.0 
6143.8  6138.9    -4.9    740.0 
6264.0  6265.1    1.1    755.0 
6899.2  6904.5    5.3    831.0 
7137.0  7140.1    3.1    859.0 
7922.0  7922.5    0.5    952.0 
8699.0  8696.6    -2.4    1044.0 
9261.0  9260.3    -0.7    1111.0 

46    A = 9.12169 ; B = -105.4
 Eexp   Ecal      Differ  Channel 
6040.0  6042.7    2.7    674.0 
6143.8  6143.0    -0.8    685.0 
6264.0  6261.6    -2.4    698.0 
6899.2  6900.1    0.9    768.0 
7137.0  7137.3    0.3    794.0 
7922.0  7921.7    -0.3    880.0 
8699.0  8697.1    -1.9    965.0 
9261.0  9262.6    1.6    1027.0 

47    A = 8.77781 ; B = -93.0
 Eexp   Ecal      Differ  Channel 
6040.0  6042.7    2.7    699.0 
6143.8  6139.3    -4.5    710.0 
6264.0  6262.2    -1.8    724.0 
6899.2  6902.9    3.7    797.0 
7137.0  7139.9    2.9    824.0 
7922.0  7921.2    -0.8    913.0 
8699.0  8693.6    -5.4    1001.0 
9261.0  9264.2    3.2    1066.0 
