№    	A      	B      	C      	
2    	2945.4	2010.2	-1195.1	
3    	1055.9	3086.9	-1312.1	
4    	-246.3	3864.0	-1382.2	
5    	780.3	3261.0	-1351.3	
6    	1272.8	2960.3	-1282.1	
7    	2494.9	2266.0	-1218.8	
8    	2842.4	2069.8	-1196.1	
9    	806.9	3255.2	-1336.2	
10   	3518.5	1693.7	-1168.0	
11   	1893.8	2612.6	-1262.6	
12   	2042.1	2507.4	-1268.5	
13   	3894.9	1508.5	-1121.9	
14   	1634.2	2763.0	-1283.3	
15   	4249.8	1317.6	-1094.6	
16   	2880.7	2034.7	-1221.1	
18   	1239.9	2979.8	-1320.0	
19   	1508.8	2807.5	-1270.8	
20   	2511.4	2242.1	-1201.1	
21   	4205.6	1323.7	-1110.7	
22   	-854.5	4255.4	-1408.4	
23   	2433.1	2283.2	-1216.6	
24   	2267.5	2391.5	-1222.0	
25   	4261.1	1296.6	-1099.1	
26   	711.8	3295.0	-1328.0	
27   	402.5	3471.8	-1343.4	
28   	-1661.1	4783.8	-1461.8	
29   	1709.3	2714.9	-1288.3	
30   	2609.2	2192.8	-1232.1	
31   	1163.8	3007.2	-1329.4	
32   	1014.2	3119.1	-1332.6	
34   	2028.8	2541.7	-1286.0	
35   	713.4	3305.3	-1331.5	
36   	2248.9	2403.5	-1239.8	
37   	3616.2	1647.3	-1149.1	
38   	2253.4	2406.5	-1258.3	
39   	2527.6	2223.1	-1232.1	
40   	2647.2	2178.4	-1167.8	
41   	1735.8	2674.5	-1263.2	
42   	2615.4	2191.2	-1206.8	
43   	2386.7	2316.4	-1241.3	
44   	3486.9	1712.5	-1157.3	
45   	1646.1	2755.0	-1296.9	
46   	2507.0	2262.1	-1238.9	
47   	3719.8	1581.1	-1161.9	
48   	2255.6	2399.4	-1286.3	
